19 Ilse 22.00 7.00 29.00
27 Ulpiano 13.00 5.00 19.00
31 Carina 14.00 4.00 20.00
38 Jil 21.00 9.00 23.00
55 Artemisa 4.00 29.00 6.00
68 Abdenago 20.00 23.00 7.00
71 Jacome 4.00 6.00 12.00
73 Iberico 15.00 28.00 24.00
85 Zubaida 2.00 12.00 11.00
105 Wilson 0.00 13.00 9.00
109 Esmeralda 14.00 20.00 21.00
142 Lino 25.00 17.00 5.00
146 Ticiana 0.00 22.00 1.00
154 Zita 14.00 17.00 15.00
198 Chema 20.00 19.00 24.00
210 Emo 16.00 4.00 19.00
222 Palmira 2.00 18.00 24.00
225 Carminda 12.00 2.00 20.00
232 Aixa 8.00 26.00 13.00
240 Egidio 4.00 13.00 29.00
255 Sirla 2.00 24.00 9.00
260 Eloi 6.00 19.00 21.00
266 Dionisodoro 20.00 13.00 1.00
278 Vidalio 25.00 18.00 26.00
280 Tercio 23.00 21.00 13.00
305 Graciana 3.00 16.00 0.00
318 Almira 9.00 9.00 6.00
329 Alva 26.00 19.00 28.00
341 Jael 4.00 21.00 24.00
361 Zila 10.00 15.00 17.00
404 Josabete 25.00 1.00 2.00
411 Viveque 5.00 4.00 0.00
444 Carolina 17.00 10.00 14.00
465 Armandino 24.00 12.00 5.00
498 Janaina 19.00 7.00 15.00
539 Alirio 26.00 27.00 28.00
546 Enilda 24.00 6.00 8.00
567 Lurdite 3.00 16.00 29.00
580 Elisama 9.00 21.00 13.00
603 Hilaria 15.00 13.00 17.00
611 Clemência 22.00 29.00 22.00
615 Nestor 28.00 9.00 11.00
624 Sarina 4.00 18.00 23.00
628 Franklin 25.00 29.00 22.00
634 Lucena 15.00 4.00 17.00
649 Vinicio 12.00 3.00 21.00
662 Miriam 21.00 18.00 28.00
664 Eder 17.00 16.00 25.00
673 Jezabel 29.00 13.00 11.00
716 Guimar 28.00 11.00 20.00
717 Everardo 7.00 16.00 18.00
728 Marcelo 16.00 29.00 2.00
732 Natalia 17.00 11.00 18.00
735 Saulo 20.00 10.00 5.00
737 Guislena 12.00 26.00 23.00
743 Benjamim 2.00 22.00 3.00
778 Eberardo 12.00 17.00 24.00
780 Celto 7.00 20.00 13.00
787 Leticia 10.00 29.00 14.00
796 Celsio 12.00 8.00 11.00
808 Tiana 0.00 20.00 3.00
817 Lila 29.00 12.00 19.00
821 Francilia 25.00 26.00 20.00
887 Eliab 0.00 28.00 12.00
902 Lilia 9.00 22.00 22.00
907 Angelita 28.00 23.00 29.00
924 Zoraida 14.00 22.00 19.00
928 Aires 9.00 13.00 18.00
961 Felicissimo 20.00 26.00 10.00
996 Rute 19.00 10.00 5.00
1005 Brasia 8.00 9.00 14.00
1006 Charbel 15.00 4.00 19.00
1020 Eliana 21.00 20.00 13.00
1025 Lindoro 22.00 10.00 23.00
1063 Digno 24.00 17.00 24.00
1067 Ludgero 28.00 18.00 19.00
1083 Quintino 15.00 23.00 4.00
1100 Ariele 7.00 6.00 4.00
1128 Aldo 9.00 27.00 12.00
1132 Batista 9.00 10.00 10.00
1157 Priscila 25.00 9.00 28.00
1161 Fani 29.00 15.00 24.00
1195 Farida 4.00 9.00 9.00
1196 Dioclecia 27.00 12.00 24.00
1200 Diamantina 30.00 20.00 30.00
1260 Iasmin 17.00 19.00 25.00
1275 Alexandre 4.00 13.00 15.00
1286 Sario 11.00 0.00 8.00
1294 Benigna 23.00 24.00 9.00
1300 Jussara 3.00 7.00 15.00
1302 Verter 23.00 9.00 29.00
1305 Gaori 13.00 30.00 19.00
1308 Maxima 26.00 12.00 19.00
1311 ursula 28.00 17.00 15.00
1312 Castelina 20.00 15.00 13.00
1322 Cassio 22.00 23.00 20.00
1330 Sandrino 17.00 3.00 28.00
1337 Leonor 29.00 6.00 3.00
1348 Norberto 9.00 23.00 22.00
1352 Salazar 3.00 9.00 5.00
1380 Aleixa 11.00 19.00 11.00
1391 Cecilia 9.00 17.00 3.00
1397 Denil 20.00 22.00 12.00
1427 Jader 27.00 11.00 17.00
1429 Suria 19.00 28.00 25.00
1444 Assis 25.00 20.00 14.00
1452 Isael 27.00 26.00 9.00
1456 Talia 14.00 10.00 22.00
1460 Toni 15.00 11.00 18.00
1471 Aquila 14.00 15.00 23.00
1481 Bela 20.00 24.00 13.00
1507 Taciana 15.00 19.00 22.00
1516 Branca 8.00 24.00 7.00
1571 Lais 13.00 16.00 13.00
1584 Jeni 19.00 19.00 30.00
1598 Amora 7.00 4.00 6.00
1610 Catia 4.00 14.00 4.00
1613 Dinarte 29.00 18.00 25.00
1620 Andres 13.00 1.00 8.00
1635 Helvio 28.00 6.00 24.00
1639 Victor 17.00 25.00 12.00
1642 Elma 21.00 14.00 13.00
1664 Jasmim 21.00 10.00 4.00
1692 Joni 27.00 13.00 13.00
1708 Lauriano 14.00 3.00 22.00
1709 Teodomiro 3.00 29.00 4.00
1710 Ataide 24.00 12.00 25.00
1712 Amarildo 15.00 19.00 5.00
1740 Carsta 26.00 28.00 27.00
1745 Libia 14.00 22.00 27.00
1761 Bianca 11.00 14.00 25.00
1764 Tulio 8.00 17.00 4.00
1771 Goreti 5.00 9.00 3.00
1789 Antonelo 12.00 17.00 23.00
1796 Caterina 14.00 12.00 8.00
1802 Luca 20.00 19.00 8.00
1806 Teodoro 21.00 11.00 28.00
1817 Jocelino 15.00 2.00 3.00
1857 Castorina 19.00 30.00 14.00
1897 Cassia 1.00 26.00 13.00
1910 Elzo 5.00 22.00 10.00
1929 Graciano 14.00 7.00 20.00
1935 Alito 11.00 6.00 23.00
1954 Hervê 7.00 28.00 18.00
1960 Argentina 14.00 12.00 29.00
1974 Jaque 24.00 17.00 24.00
1976 Daina 4.00 4.00 30.00
2007 Aleu 16.00 17.00 4.00
2039 Abelardo 19.00 3.00 28.00
2069 Gerson 29.00 12.00 20.00
2079 Jorge 25.00 10.00 2.00
2117 Electra 15.00 13.00 22.00
2166 Alma 13.00 7.00 17.00
2172 Joabe 29.00 1.00 10.00
2187 Liberto 17.00 1.00 16.00
2188 Joselino 30.00 3.00 28.00
2192 Raimundo 4.00 25.00 21.00
2193 Delmina 17.00 0.00 6.00
2196 Patricio 17.00 4.00 18.00
2200 ania 0.00 22.00 27.00
2230 Josiane 8.00 18.00 16.00
2246 Estela 3.00 6.00 1.00
2263 Bianor 14.00 17.00 4.00
2272 Emanuela 26.00 4.00 23.00
2284 Sivio 13.00 10.00 2.00
2292 Lisa 26.00 28.00 3.00
2308 Luciola 18.00 16.00 20.00
2319 Estêvao 10.00 12.00 25.00
2326 Nilza 20.00 2.00 24.00
2347 Sunamita 20.00 3.00 19.00
2366 edi 6.00 4.00 25.00
2372 Ilsa 11.00 29.00 8.00
2397 Rita 14.00 21.00 16.00
2431 Ilundi 26.00 16.00 12.00
2437 Iana 3.00 24.00 17.00
2479 Ausendo 3.00 18.00 1.00
2481 Alvarim 2.00 21.00 28.00
2493 Hazael 21.00 26.00 9.00
2505 Gueir 4.00 28.00 15.00
2514 Juda 18.00 2.00 13.00
2517 Hildegarda 21.00 13.00 22.00
2526 Lauro 20.00 15.00 25.00
2534 Virgilio 28.00 12.00 22.00
2543 Aristoteles 1.00 3.00 2.00
2548 Licia 16.00 9.00 25.00
2564 Marcio 13.00 17.00 29.00
2578 Vidaul 8.00 6.00 14.00
2580 Amarilis 28.00 8.00 5.00
2581 Celso 4.00 5.00 24.00
2590 Agostinho 9.00 17.00 25.00
2606 Benevenuto 21.00 3.00 23.00
2608 Io 7.00 29.00 3.00
2616 Inês 28.00 27.00 22.00
2620 Aldenir 21.00 28.00 27.00
2641 Noa 3.00 12.00 1.00
2655 Jonatas 4.00 4.00 9.00
2665 Laureano 8.00 2.00 7.00
2667 Lisana 27.00 28.00 3.00
2669 Agenor 3.00 18.00 28.00
2672 Alberico 24.00 13.00 29.00
2683 Vida 1.00 15.00 17.00
2689 Cinara 26.00 29.00 30.00
2692 Maximino 6.00 2.00 18.00
2748 Tabita 2.00 25.00 25.00
2773 Giana 10.00 18.00 25.00
2835 Agna 9.00 28.00 13.00
2844 Jabes 9.00 22.00 13.00
2868 Duarte 25.00 16.00 28.00
2878 Lucina 12.00 26.00 28.00
2889 Celio 15.00 9.00 11.00
2917 Dina 3.00 17.00 30.00
2918 Urien 11.00 10.00 15.00
2923 Isabelina 30.00 29.00 18.00
2944 Domitila 1.00 14.00 18.00
2953 Coralia 1.00 18.00 21.00
2954 Josefa 2.00 6.00 27.00
2965 Ursicio 21.00 23.00 8.00
2967 Elsa 18.00 20.00 24.00
2968 Vilator 7.00 26.00 12.00
2988 Gertrudes 3.00 2.00 20.00
2997 Isis 11.00 23.00 29.00
3006 iris 25.00 26.00 18.00
3016 Frederica 28.00 4.00 10.00
3031 Herberta 17.00 19.00 4.00
3034 Yasmin 9.00 20.00 3.00
3049 Selena 6.00 10.00 29.00
3050 Kevim 30.00 27.00 19.00
3115 Henriqueta 17.00 1.00 22.00
3118 Carmelia 25.00 7.00 1.00
3143 Samaritano 18.00 5.00 23.00
3154 Amador 17.00 7.00 14.00
3159 Assunta 16.00 4.00 26.00
3169 Sebastiao 19.00 16.00 16.00
3176 Cirila 28.00 4.00 6.00
3185 Ema 11.00 23.00 3.00
3192 Dineia 15.00 22.00 5.00
3206 Zara 4.00 4.00 13.00
3226 Joscelina 29.00 5.00 18.00
3291 Glenda 21.00 27.00 24.00
3360 Anas 28.00 16.00 10.00
3361 Joselindo 18.00 2.00 5.00
3363 Jaqueline 11.00 3.00 13.00
3364 Mario 30.00 2.00 5.00
3372 Saulina 25.00 25.00 11.00
3380 Adilio 8.00 25.00 10.00
3400 Elicia 18.00 20.00 14.00
3416 Doris 14.00 7.00 4.00
3424 Sisnando 15.00 26.00 0.00
3430 Cassandra 10.00 27.00 6.00
3434 Fernao 21.00 16.00 15.00
3458 Franklino 30.00 23.00 21.00
3470 Georgino 21.00 20.00 26.00
3475 Eliseba 24.00 28.00 17.00
3481 Vivalda 2.00 28.00 18.00
3541 Graca 5.00 29.00 29.00
3572 Jofre 16.00 16.00 2.00
3573 Hermania 6.00 17.00 20.00
3574 aquila 15.00 8.00 26.00
3582 Gioconda 15.00 25.00 25.00
3592 Russel 10.00 8.00 0.00
3631 Henoch 11.00 2.00 20.00
3634 Ireneia 27.00 4.00 25.00
3635 Esperanca 29.00 13.00 21.00
3637 Durval 9.00 30.00 1.00
3642 Fania 5.00 21.00 19.00
3653 Solange 7.00 24.00 17.00
3672 Jamila 20.00 15.00 1.00
3678 Remo 25.00 3.00 21.00
3681 Adriano 24.00 11.00 1.00
3706 Betino 17.00 6.00 14.00
3708 Abilio 2.00 15.00 8.00
3713 Ziza 11.00 22.00 21.00
3728 Dalva 21.00 11.00 13.00
3738 Adriel 7.00 3.00 17.00
3739 Laira 29.00 19.00 8.00
3755 Filemon 2.00 27.00 4.00
3760 Ubaldo 1.00 2.00 15.00
3783 Artur 7.00 23.00 11.00
3788 Joab 27.00 19.00 2.00
3790 Adamastor 14.00 1.00 26.00
3796 Milu 6.00 17.00 22.00
3803 Olivio 11.00 23.00 4.00
3818 Rodrigo 23.00 29.00 0.00
3842 Djalmo 13.00 5.00 2.00
3919 Demeter 22.00 19.00 11.00
3920 Cleia 13.00 23.00 30.00
3959 Zena 9.00 25.00 24.00
3964 Andrelina 23.00 10.00 17.00
3971 Goncalo 3.00 14.00 26.00
3982 Plinio 7.00 23.00 19.00
3998 Didia 12.00 15.00 4.00
4005 Dircila 8.00 5.00 3.00
4020 Luzia 0.00 8.00 27.00
4028 Januario 25.00 19.00 22.00
4044 Germano 12.00 10.00 19.00
4060 Anielo 8.00 5.00 4.00
4066 Eponina 0.00 29.00 14.00
4097 Juliano 18.00 17.00 23.00
4107 Laertes 17.00 8.00 19.00
4125 Liberal 5.00 23.00 2.00
4153 Vivelinda 8.00 20.00 2.00
4186 Gustavo 7.00 20.00 6.00
4239 Gabinio 12.00 20.00 13.00
4251 Emilia 24.00 4.00 20.00
4258 Cora 29.00 27.00 17.00
4263 Joas 15.00 10.00 5.00
4273 Vilmar 20.00 11.00 10.00
4283 Cursino 22.00 29.00 9.00
4289 Beto 29.00 16.00 5.00
4296 Vital 26.00 28.00 2.00
4321 Atanasio 18.00 12.00 13.00
4337 Rosalinda 10.00 1.00 8.00
4342 Dionisia 18.00 2.00 3.00
4355 Mecia 23.00 9.00 15.00
4356 Sibila 29.00 20.00 29.00
4373 Sena 19.00 6.00 15.00
4388 Anteia 26.00 20.00 2.00
4392 Auxilia 27.00 9.00 9.00
4413 Dacio 13.00 29.00 12.00
4463 Teodora 16.00 28.00 4.00
4467 Alcione 6.00 17.00 7.00
4470 Brigite 27.00 11.00 4.00
4480 Sefora 15.00 23.00 13.00
4481 Castelino 21.00 29.00 24.00
4487 Donaldo 29.00 20.00 18.00
4495 Verissimo 3.00 10.00 25.00
4526 Damiao 17.00 8.00 26.00
4535 Zelia 9.00 0.00 24.00
4538 Aruna 20.00 22.00 19.00
4543 Ari 19.00 6.00 0.00
4560 Delmar 14.00 21.00 8.00
4630 Adonias 18.00 20.00 3.00
4655 Sadrudine 21.00 21.00 4.00
4658 Indro 18.00 24.00 6.00
4660 Liz 5.00 5.00 12.00
4688 Luz 28.00 22.00 26.00
4701 Simauro 16.00 25.00 7.00
4730 Arlete 7.00 11.00 28.00
4738 Heloisa 9.00 2.00 19.00
4747 Boanerges 27.00 23.00 22.00
4759 Especiosa 22.00 5.00 23.00
4776 Noemia 3.00 29.00 12.00
4810 Anfilito 9.00 20.00 22.00
4820 Lourenco 3.00 13.00 8.00
4822 Leanor 23.00 14.00 12.00
4824 Paulino 8.00 15.00 5.00
4859 Gaspar 7.00 14.00 16.00
4922 Dinamene 19.00 3.00 17.00
4930 Filino 3.00 3.00 2.00
4955 Ezequiela 2.00 27.00 8.00
4970 Cremilde 11.00 23.00 19.00
4985 Joao 5.00 18.00 29.00
5016 Dante 19.00 13.00 28.00
5036 Ramiro 13.00 17.00 1.00
5082 Reginaldo 3.00 9.00 27.00
5087 Brigida 4.00 2.00 20.00
5114 Ivanoel 10.00 8.00 1.00
5124 Aurete 27.00 29.00 5.00
5186 Olivia 15.00 15.00 12.00
5224 Xenio 24.00 7.00 8.00
5247 Lelia 28.00 28.00 2.00
5270 Roseli 28.00 20.00 25.00
5271 Celia 20.00 24.00 4.00
5272 Valmor 15.00 16.00 4.00
5276 Palo 21.00 13.00 10.00
5280 Carole 4.00 18.00 7.00
5283 Adelia 23.00 21.00 8.00
5293 Araci 27.00 22.00 25.00
5294 Herculano 18.00 5.00 19.00
5307 Isa 1.00 8.00 21.00
5314 Ingo 12.00 1.00 25.00
5326 Elda 9.00 24.00 1.00
5336 Deliana 12.00 6.00 5.00
5369 Camelia 27.00 4.00 20.00
5378 Jociano 16.00 28.00 26.00
5382 Ingrid 8.00 4.00 22.00
5391 Briana 16.00 29.00 2.00
5419 Micaela 25.00 7.00 12.00
5425 Gardela 16.00 24.00 18.00
5429 Lemuel 16.00 7.00 24.00
5436 Aldara 30.00 3.00 8.00
5453 Arcanjo 28.00 25.00 20.00
5475 Andre 27.00 2.00 9.00
5477 Quevin 16.00 1.00 18.00
5509 Lutero 4.00 7.00 18.00
5531 Domitilia 22.00 7.00 28.00
5532 Amorim 7.00 21.00 17.00
5534 Tejala 18.00 28.00 12.00
5553 Stela 10.00 8.00 11.00
5593 Barcino 17.00 0.00 29.00
5599 Roque 12.00 26.00 27.00
5604 Mercedes 11.00 19.00 10.00
5624 Eneias 22.00 8.00 7.00
5640 Haroldo 27.00 11.00 19.00
5656 Leonilde 4.00 6.00 0.00
5675 Herlander 1.00 12.00 28.00
5678 Mafalda 28.00 28.00 3.00
5685 Cintia 15.00 2.00 24.00
5700 Garibaldo 23.00 18.00 17.00
5701 Chantal 12.00 24.00 19.00
5702 Donzilio 8.00 22.00 8.00
5734 Alexia 27.00 12.00 24.00
5742 Carmen 16.00 18.00 21.00
5780 Bernardete 6.00 16.00 30.00
5788 Cibele 9.00 4.00 12.00
5798 Eluina 15.00 10.00 13.00
5807 Elmano 30.00 24.00 17.00
5813 Estefania 6.00 8.00 20.00
5878 Graciliana 24.00 4.00 3.00
5882 Toledo 22.00 9.00 6.00
5884 Ava 27.00 24.00 17.00
5912 Florival 16.00 4.00 20.00
5915 Ricardo 19.00 1.00 19.00
5931 Felismina 14.00 10.00 24.00
5976 Natacha 15.00 19.00 3.00
5988 Saluquia 4.00 0.00 7.00
5998 Concha 15.00 28.00 9.00
6006 Gloriosa 18.00 24.00 1.00
6076 Sol 1.00 8.00 26.00
6090 Clivia 7.00 5.00 13.00
6098 Ivan 28.00 9.00 0.00
6099 Zaira 2.00 28.00 28.00
6140 Anabel 25.00 20.00 8.00
6148 Ercilia 14.00 25.00 10.00
6178 Hilma 26.00 16.00 6.00
6211 Alita 22.00 17.00 23.00
6221 Gildo 27.00 20.00 9.00
6230 Aderito 8.00 8.00 16.00
6238 Catalina 26.00 15.00 9.00
6255 Valdemar 5.00 22.00 28.00
6261 Dorino 3.00 27.00 7.00
6263 Dorine 8.00 21.00 9.00
6291 Urbalino 16.00 20.00 0.00
6314 Lea 15.00 18.00 6.00
6316 Diana 30.00 17.00 9.00
6359 Gabinia 11.00 15.00 11.00
6366 Beanina 5.00 7.00 21.00
6374 Zaido 16.00 8.00 10.00
6390 Aloisio 9.00 28.00 10.00
6400 Juvenal 6.00 29.00 2.00
6432 Ursicino 13.00 19.00 24.00
6439 Leonisa 0.00 24.00 16.00
6466 Brites 14.00 2.00 15.00
6471 Paulina 28.00 30.00 24.00
6472 Sabina 0.00 14.00 15.00
6498 Dalinda 23.00 12.00 25.00
6505 Sancha 27.00 12.00 14.00
6515 Fedora 12.00 26.00 24.00
6523 Ursiao 6.00 10.00 17.00
6536 Heliodora 7.00 12.00 15.00
6554 Ada 10.00 24.00 7.00
6556 Dilsa 22.00 17.00 1.00
6558 Sidonio 27.00 18.00 10.00
6559 apio 14.00 18.00 22.00
6579 Mateus 24.00 6.00 23.00
6586 Santa 14.00 2.00 20.00
6594 Jaime 16.00 19.00 26.00
6610 Tirza 11.00 21.00 23.00
6638 Analisa 5.00 13.00 2.00
6646 Fidelio 26.00 8.00 7.00
6648 Alix 12.00 26.00 26.00
6651 Melissa 1.00 29.00 17.00
6652 Regina 9.00 20.00 14.00
6655 Cildo 27.00 8.00 16.00
6656 Bina 14.00 28.00 23.00
6658 Zoe 20.00 7.00 7.00
6659 Firmo 28.00 6.00 29.00
6669 Adalsino 29.00 25.00 17.00
6704 Luna 17.00 24.00 1.00
6723 Crispim 9.00 27.00 18.00
6748 elio 26.00 16.00 7.00
6764 Gersao 25.00 12.00 17.00
6769 Guterre 28.00 12.00 1.00
6772 Armando 4.00 0.00 16.00
6781 Elsinda 23.00 3.00 27.00
6800 Octavio 23.00 8.00 28.00
6830 Hugo 13.00 7.00 16.00
6848 Cid 25.00 15.00 8.00
6865 Hipolita 28.00 10.00 29.00
6874 Ilca 17.00 23.00 18.00
6883 Elmira 27.00 1.00 27.00
6887 Ascenso 3.00 20.00 7.00
6907 Giovana 16.00 10.00 4.00
6921 Danila 5.00 10.00 12.00
6947 Edo 27.00 16.00 24.00
6956 Gumesindo 10.00 8.00 19.00
6974 Luizete 20.00 21.00 5.00
6977 Silviano 29.00 11.00 22.00
7002 Simeao 2.00 24.00 29.00
7004 Urbino 6.00 1.00 29.00
7012 Zacarias 24.00 11.00 7.00
7081 Manuela 1.00 7.00 22.00
7083 Madalena 1.00 28.00 2.00
7131 Zardilaque 26.00 21.00 29.00
7150 Tamiris 14.00 22.00 16.00
7153 etel 16.00 14.00 24.00
7176 Suraje 25.00 9.00 8.00
7210 Leontina 23.00 22.00 27.00
7213 Dulia 0.00 4.00 9.00
7225 Enrique 6.00 9.00 20.00
7235 asia 25.00 12.00 0.00
7256 Luciana 28.00 5.00 5.00
7283 Angelica 27.00 28.00 28.00
7286 Julio 18.00 25.00 17.00
7288 Lis 16.00 21.00 14.00
7295 Iolanda 9.00 10.00 8.00
7299 Sara 11.00 24.00 26.00
7307 Taciano 13.00 8.00 27.00
7405 Melanie 16.00 27.00 26.00
7413 Roberta 2.00 27.00 6.00
7433 Evêncio 2.00 3.00 29.00
7499 Camila 23.00 22.00 28.00
7505 Silvio 30.00 20.00 4.00
7513 Xenocrates 20.00 17.00 19.00
7518 Adalsindo 29.00 8.00 23.00
7534 Davina 11.00 9.00 19.00
7603 Isac 6.00 20.00 7.00
7621 Cidalisa 3.00 15.00 14.00
7643 Ivana 7.00 1.00 6.00
7654 Gui 9.00 21.00 26.00
7668 Demelza 9.00 27.00 25.00
7670 Lia 21.00 9.00 20.00
7672 Liete 29.00 25.00 0.00
7673 Fernandina 23.00 23.00 13.00
7674 Isolina 21.00 17.00 26.00
7675 Claudiano 30.00 3.00 30.00
7693 Diamantino 16.00 27.00 4.00
7694 Heliodoro 26.00 11.00 28.00
7742 Sabino 18.00 14.00 13.00
7748 Daniel 24.00 13.00 4.00
7749 Igor 3.00 22.00 9.00
7762 eris 22.00 13.00 7.00
7785 Bento 30.00 14.00 11.00
7808 Poliana 12.00 7.00 2.00
7811 Djalma 2.00 11.00 28.00
7856 Teresinha 2.00 3.00 23.00
7857 Banduino 10.00 5.00 9.00
7865 Eglantina 12.00 9.00 16.00
7885 Safira 2.00 0.00 1.00
7897 Sancho 28.00 20.00 23.00
7898 Milena 15.00 2.00 22.00
7902 Andreina 21.00 25.00 25.00
7907 Emidia 8.00 6.00 16.00
7920 Merrelho 6.00 17.00 29.00
7934 Cirilo 17.00 19.00 25.00
7946 Bijal 5.00 9.00 20.00
7966 Alvario 23.00 27.00 27.00
7999 Celisio 15.00 22.00 3.00
8025 Diocleciano 17.00 9.00 29.00
8026 Janina 15.00 27.00 20.00
8037 Heldo 6.00 19.00 16.00
8040 Constanca 20.00 9.00 0.00
8043 Edvino 23.00 26.00 21.00
8045 Celinia 21.00 26.00 22.00
8056 Aneide 20.00 26.00 6.00
8061 Alao 27.00 9.00 26.00
8066 Tamar 16.00 24.00 6.00
8121 Lisuarte 5.00 1.00 26.00
8132 Marilda 0.00 8.00 10.00
8134 Dimas 12.00 1.00 17.00
8146 Roquita 23.00 1.00 18.00
8172 Antelmo 10.00 9.00 2.00
8261 Josete 7.00 30.00 1.00
8278 Flavio 24.00 12.00 9.00
8290 Astride 10.00 16.00 7.00
8297 Antonio 14.00 27.00 27.00
8329 Karina 21.00 29.00 19.00
8342 Silas 9.00 4.00 12.00
8362 Evandro 8.00 14.00 19.00
8365 Lucialina 23.00 21.00 26.00
8391 Zara 14.00 5.00 12.00
8435 Sira 24.00 23.00 6.00
8450 Ivania 11.00 16.00 15.00
8461 Basilissa 8.00 11.00 25.00
8462 Arcilio 29.00 29.00 20.00
8469 Corina 7.00 26.00 4.00
8472 Samara 8.00 9.00 26.00
8474 Debora 7.00 8.00 18.00
8481 Polibio 2.00 20.00 28.00
8513 Elzeario 23.00 17.00 8.00
8586 Habacuque 16.00 28.00 15.00
8596 Darcilia 20.00 24.00 16.00
8603 Noah 24.00 19.00 16.00
8653 Doriclo 3.00 19.00 10.00
8660 Delmiro 11.00 17.00 7.00
8690 Lidia 7.00 18.00 18.00
8700 Rudi 1.00 7.00 12.00
8711 Engelecia 5.00 19.00 15.00
8716 Barbora 8.00 28.00 19.00
8777 Isilda 30.00 24.00 15.00
8778 Reinamor 25.00 6.00 28.00
8781 Judas 4.00 9.00 25.00
8799 enio 30.00 16.00 2.00
8808 Caia 2.00 0.00 14.00
8816 Cristoforo 3.00 16.00 7.00
8836 Eduina 9.00 2.00 2.00
8852 Cleodice 16.00 14.00 20.00
8853 Helio 12.00 28.00 14.00
8856 Ximena 24.00 28.00 28.00
8860 Jesus 23.00 20.00 19.00
8881 Joana 17.00 30.00 24.00
8901 Zelio 24.00 23.00 29.00
8910 Eliete 18.00 14.00 22.00
8931 Honorato 18.00 4.00 6.00
8972 Constancio 4.00 23.00 9.00
8981 Felix 9.00 19.00 16.00
8997 Helvecio 23.00 22.00 17.00
8998 Cheila 15.00 2.00 6.00
9015 Gilmeno 22.00 4.00 12.00
9041 Clarindo 16.00 24.00 17.00
9042 Lusa 6.00 10.00 8.00
9049 Zenaide 25.00 28.00 23.00
9051 Anselmo 10.00 13.00 1.00
9064 Afonsina 28.00 15.00 23.00
9081 Parcidio 27.00 5.00 3.00
9096 Horacio 27.00 15.00 6.00
9113 Heriberta 14.00 2.00 7.00
9135 Ismael 15.00 17.00 10.00
9136 Alica 22.00 29.00 22.00
9139 Habacuc 14.00 15.00 28.00
9148 Rafaelo 17.00 27.00 14.00
9154 Cristofe 24.00 4.00 16.00
9193 Joelma 10.00 7.00 10.00
9218 Luana 6.00 5.00 7.00
9229 Zubeida 12.00 15.00 27.00
9252 Elena 6.00 25.00 18.00
9274 Silvestre 28.00 9.00 14.00
9275 Orestes 11.00 9.00 26.00
9280 Tatiano 10.00 25.00 24.00
9340 Sandra 22.00 19.00 3.00
9341 Aureliana 9.00 28.00 25.00
9367 Jordana 20.00 18.00 1.00
9368 Claudiana 15.00 7.00 28.00
9383 Heriberto 7.00 26.00 5.00
9387 Filena 29.00 18.00 16.00
9390 Liane 22.00 25.00 17.00
9404 Eliseu 23.00 21.00 29.00
9408 Drusila 14.00 25.00 11.00
9435 Georgeta 9.00 7.00 12.00
9442 Eli 27.00 14.00 16.00
9454 Hebe 20.00 19.00 9.00
9457 Anolido 28.00 27.00 10.00
9459 Omar 19.00 5.00 2.00
9465 Laurinda 23.00 1.00 17.00
9470 Cizina 22.00 11.00 22.00
9478 Hermano 18.00 9.00 2.00
9481 Hersilia 20.00 9.00 22.00
9484 Mara 14.00 0.00 4.00
9489 Hildegardo 12.00 24.00 9.00
9515 Ariosto 18.00 20.00 25.00
9572 Liseta 4.00 4.00 9.00
9581 Nivaldo 29.00 19.00 8.00
9627 Vili 20.00 13.00 1.00
9636 Heitor 18.00 7.00 24.00
9645 Alexina 15.00 17.00 20.00
9681 Sales 23.00 4.00 25.00
9683 Beatriz 12.00 12.00 26.00
9691 Carmo 13.00 25.00 3.00
9715 Dialina 19.00 0.00 18.00
9717 Davi 2.00 3.00 3.00
9728 Leonora 23.00 27.00 26.00
9739 Fiona 24.00 10.00 29.00
9781 Gastao 18.00 9.00 14.00
9792 Analia 13.00 14.00 29.00
9815 Higina 10.00 3.00 28.00
9847 Ludovico 13.00 15.00 1.00
9867 Liliano 6.00 23.00 3.00
9872 Jasao 17.00 23.00 28.00
9874 Alina 25.00 27.00 21.00
9913 Benicia 20.00 3.00 17.00
9923 Gravelina 15.00 4.00 16.00
9943 Denise 20.00 8.00 24.00
9950 Carmelina 15.00 13.00 24.00
9954 Egil 11.00 20.00 30.00
9994 Yolanda 22.00 15.00 17.00
10007 Maximo 8.00 20.00 19.00
10011 Delminda 6.00 18.00 29.00
10014 Tarsicio 15.00 0.00 14.00
10017 Quiliano 14.00 5.00 4.00
10024 Marli 19.00 19.00 13.00
10030 ulpia 12.00 19.00 30.00
10036 Barao 24.00 25.00 11.00
10056 Luena 13.00 10.00 21.00
10079 Bras 18.00 20.00 25.00
10089 Ilda 5.00 16.00 20.00
10103 Jarbas 26.00 2.00 18.00
10104 erico 25.00 12.00 4.00
10105 Cesaltina 25.00 25.00 24.00
10120 Elva 10.00 24.00 0.00
10134 Elisabeta 7.00 14.00 26.00
10144 acil 26.00 21.00 17.00
10155 Leoberto 14.00 23.00 28.00
10159 Heredio 14.00 18.00 19.00
10160 Lecio 21.00 8.00 23.00
10184 Inga 21.00 25.00 25.00
10212 Uldrico 27.00 21.00 10.00
10216 Telmo 28.00 10.00 22.00
10247 Herberto 0.00 1.00 21.00
10270 Guadalupe 14.00 16.00 6.00
10272 Decimo 21.00 9.00 21.00
10276 Severiano 25.00 16.00 13.00
10284 Nicolas 14.00 3.00 20.00
10291 Argemiro 27.00 9.00 13.00
10296 Caleb 10.00 18.00 3.00
10330 Hemeterio 24.00 16.00 0.00
10347 Almesinda 10.00 19.00 3.00
10367 Corito 19.00 24.00 21.00
10368 Carla 22.00 6.00 8.00
10371 alison 21.00 19.00 26.00
10401 Israel 17.00 2.00 25.00
10407 Ermeria 22.00 2.00 4.00
10416 Cosete 11.00 17.00 1.00
10424 Adelmo 27.00 12.00 19.00
10462 Ionara 20.00 9.00 10.00
10495 Evelio 11.00 28.00 12.00
10500 Dulcelina 21.00 15.00 11.00
10506 Jorja 11.00 11.00 3.00
10509 Abigail 2.00 12.00 19.00
10520 Ginestal 4.00 26.00 12.00
10524 Vilson 0.00 21.00 14.00
10532 Ivo 27.00 4.00 26.00
10534 Carmelinda 11.00 20.00 8.00
10566 Sisinio 3.00 15.00 20.00
10572 Renata 29.00 11.00 0.00
10583 Larissa 20.00 9.00 2.00
10597 Abdul 18.00 25.00 8.00
10606 Elvino 19.00 23.00 21.00
10610 Carmina 2.00 5.00 30.00
10641 Magali 29.00 18.00 6.00
10644 Clarinda 28.00 10.00 28.00
10657 Siena 5.00 6.00 26.00
10666 Helmut 26.00 18.00 14.00
10667 Gerta 26.00 30.00 4.00
10672 Diomar 27.00 24.00 24.00
10679 Marcilene 30.00 14.00 16.00
10697 Caio 22.00 19.00 6.00
10731 Demetrio 24.00 8.00 22.00
10745 Natividade 9.00 24.00 17.00
10747 Mariana 23.00 10.00 13.00
10760 Amor 11.00 20.00 1.00
10783 Soeiro 13.00 1.00 21.00
10817 Afre 28.00 8.00 2.00
10845 atina 8.00 3.00 27.00
10850 Filipo 22.00 26.00 26.00
10885 Abraim 3.00 29.00 13.00
10938 Filomena 18.00 10.00 15.00
10940 Ligio 29.00 0.00 4.00
10941 Carlo 2.00 10.00 19.00
10981 Flavia 15.00 17.00 6.00
10988 Coralio 15.00 2.00 24.00
10989 Odete 7.00 21.00 24.00
11040 aureo 8.00 3.00 20.00
11050 Sarah 11.00 8.00 26.00
11072 Benedita 17.00 18.00 18.00
11089 Chloe 22.00 1.00 6.00
11098 Pandora 1.00 6.00 24.00
11119 Cordelia 26.00 7.00 26.00
11123 Elisia 11.00 26.00 10.00
11131 Joselene 12.00 1.00 12.00
11162 Argentino 0.00 7.00 25.00
11167 Bertilde 25.00 7.00 16.00
11179 Zola 15.00 10.00 10.00
11181 Casta 14.00 21.00 8.00
11202 Fabricia 6.00 20.00 29.00
11208 Eva 15.00 4.00 11.00
11210 angelo 24.00 3.00 10.00
11222 Isadora 23.00 16.00 24.00
11230 Eufemia 10.00 17.00 19.00
11240 Leonia 15.00 18.00 6.00
11259 Pascoal 4.00 8.00 19.00
11260 Samaritana 26.00 10.00 1.00
11267 Viriato 27.00 11.00 27.00
11284 Cilia 26.00 4.00 10.00
11291 Micael 15.00 6.00 13.00
11292 Isabel 11.00 20.00 13.00
11299 Aquira 3.00 22.00 10.00
11303 Apolinario 13.00 18.00 6.00
11317 Elmar 5.00 25.00 1.00
11319 Carlinda 27.00 4.00 14.00
11320 Franclim 7.00 20.00 15.00
11328 Delisa 26.00 16.00 20.00
11347 Delio 8.00 23.00 26.00
11360 Lenia 27.00 29.00 12.00
11361 Amauri 8.00 11.00 16.00
11372 Aquilino 7.00 4.00 13.00
11382 Sofia 9.00 25.00 21.00
11419 eola 14.00 18.00 16.00
11420 Zarina 15.00 20.00 7.00
11434 Dener 6.00 2.00 25.00
11449 Sifredo 10.00 26.00 23.00
11457 Ardingue 19.00 6.00 18.00
11473 Teliano 27.00 29.00 10.00
11479 Arinda 13.00 0.00 29.00
11488 Suati 16.00 10.00 19.00
11493 Heldemaro 15.00 18.00 14.00
11498 Ercilio 29.00 0.00 13.00
11515 Cesario 23.00 13.00 16.00
11519 Valentina 9.00 5.00 26.00
11528 Eveline 15.00 13.00 15.00
11544 Anicia 3.00 20.00 14.00
11576 Domitilo 1.00 1.00 27.00
11590 Zora 12.00 17.00 3.00
11632 Silvana 17.00 19.00 26.00
11633 Daniana 27.00 4.00 27.00
11642 Loela 8.00 23.00 4.00
11644 Maura 28.00 2.00 11.00
11650 elin 0.00 11.00 27.00
11659 Lisandra 25.00 27.00 3.00
11682 Alamiro 9.00 18.00 1.00
11699 Afonso 15.00 10.00 19.00
11700 Rufus 10.00 11.00 1.00
11702 Lucete 25.00 11.00 18.00
11703 Clarina 11.00 9.00 26.00
11712 Hersilio 6.00 17.00 1.00
11726 Hortênsia 4.00 12.00 24.00
11750 Aparecida 18.00 1.00 6.00
11769 Ary 26.00 20.00 1.00
11776 Lolia 22.00 23.00 16.00
11780 Josefo 12.00 18.00 21.00
11783 Brenda 25.00 22.00 12.00
11796 Janai 6.00 8.00 16.00
11819 Hamilton 25.00 1.00 13.00
11820 Jessica 5.00 26.00 30.00
11824 Igelcemina 14.00 21.00 3.00
11825 Denisa 24.00 8.00 8.00
11828 Queli 12.00 0.00 23.00
11832 Ligia 0.00 15.00 17.00
11839 Alice 10.00 16.00 30.00
11854 Magda 11.00 3.00 23.00
11872 Edite 19.00 5.00 8.00
11929 Leonilia 9.00 19.00 6.00
11943 Silvia 24.00 1.00 21.00
11944 Belina 5.00 22.00 5.00
11970 Analice 2.00 17.00 3.00
11976 Sansao 13.00 8.00 4.00
11989 Oriana 30.00 19.00 0.00
11990 Manuel 6.00 8.00 4.00
12009 Alexio 16.00 13.00 14.00
12015 Adelindo 13.00 19.00 21.00
12026 Solana 7.00 20.00 17.00
12034 Helade 20.00 25.00 24.00
12044 Zamy 1.00 24.00 24.00
12051 Calila 12.00 10.00 6.00
12074 Bia 29.00 6.00 18.00
12103 Torpecia 10.00 28.00 18.00
12104 Liara 19.00 2.00 28.00
12114 Genesia 10.00 3.00 1.00
12120 Parias 25.00 1.00 6.00
12139 Leonete 23.00 12.00 27.00
12216 Atao 24.00 23.00 15.00
12218 Armandina 0.00 19.00 26.00
12236 Lael 18.00 7.00 3.00
12265 Isidoro 1.00 20.00 9.00
12285 Deise 11.00 17.00 12.00
12294 Natalina 13.00 5.00 2.00
12306 Jerusa 26.00 22.00 7.00
12351 Vitoria 8.00 2.00 9.00
12368 Alberto 4.00 28.00 5.00
12370 Irisalva 20.00 14.00 1.00
12380 Marilia 25.00 22.00 7.00
12408 Arquimino 19.00 9.00 7.00
12440 Rosalina 9.00 4.00 6.00
12449 Adalgisa 4.00 20.00 21.00
12474 Zenaida 15.00 22.00 29.00
12475 Vitor 26.00 4.00 16.00
12483 Guislene 2.00 7.00 18.00
12492 Aitor 18.00 23.00 13.00
12522 Lenio 7.00 15.00 7.00
12536 Djamila 16.00 17.00 16.00
12600 Aristides 3.00 16.00 13.00
12673 Sancia 15.00 8.00 0.00
12688 Guido 12.00 23.00 23.00
12696 Cleopatra 15.00 13.00 23.00
12701 Tierri 16.00 1.00 29.00
12712 Claudemira 9.00 22.00 21.00
12724 Infante 18.00 16.00 13.00
12726 Gil 16.00 27.00 28.00
12745 Vanda 10.00 25.00 14.00
12752 Adrualdo 3.00 13.00 8.00
12762 Cristolinda 16.00 25.00 9.00
12765 Isai 14.00 17.00 28.00
12768 Janine 11.00 3.00 10.00
12783 Dorabela 30.00 5.00 13.00
12791 Ursulina 16.00 29.00 27.00
12796 Bendavida 8.00 2.00 23.00
12802 Romao 8.00 26.00 23.00
12814 Trasila 5.00 25.00 13.00
12833 Diliana 30.00 12.00 21.00
12848 Amadis 17.00 15.00 9.00
12869 Severino 12.00 27.00 0.00
12874 Giselda 29.00 0.00 1.00
12889 Amaro 14.00 12.00 13.00
12890 Evelasio 0.00 2.00 9.00
12893 Miru 22.00 3.00 16.00
12953 Clorinda 17.00 24.00 20.00
12965 Horacia 22.00 1.00 25.00
12971 Laercio 27.00 13.00 2.00
12978 Polibe 27.00 16.00 9.00
12988 Dircea 19.00 13.00 24.00
13006 Tamara 29.00 6.00 16.00
13007 Zilma 10.00 19.00 6.00
13009 atila 1.00 15.00 5.00
13014 Selenia 0.00 5.00 27.00
13018 Ursa 24.00 1.00 18.00
13031 Fulvio 11.00 27.00 19.00
13063 Selesia 16.00 17.00 23.00
13068 Durvalina 7.00 10.00 5.00
13072 Sextina 14.00 17.00 1.00
13094 Tasia 20.00 3.00 14.00
13099 Florisbela 24.00 16.00 21.00
13120 Belem 13.00 25.00 14.00
13124 Sacramento 19.00 19.00 8.00
13125 Betania 16.00 23.00 6.00
13134 Bastiao 10.00 7.00 1.00
13141 Inoi 16.00 8.00 11.00
13156 Laila 10.00 13.00 21.00
13194 Veronica 8.00 20.00 1.00
13202 Clarinha 14.00 15.00 12.00
13211 Dagmar 14.00 13.00 9.00
13234 Mileide 0.00 27.00 20.00
13237 Xenia 17.00 1.00 12.00
13242 Estanislau 16.00 0.00 10.00
13250 Iva 12.00 9.00 10.00
13264 Torquato 25.00 20.00 22.00
13315 Aparicio 26.00 0.00 22.00
13330 Sarai 5.00 27.00 15.00
13377 Takeo 20.00 2.00 20.00
13384 Filoteu 17.00 23.00 5.00
13398 Ezequiel 12.00 19.00 17.00
13401 Rubim 26.00 23.00 4.00
13408 Nelia 20.00 6.00 13.00
13409 Santana 1.00 5.00 1.00
13411 Teodemiro 15.00 6.00 15.00
13413 Cicero 3.00 21.00 7.00
13425 Holger 24.00 27.00 20.00
13436 Tobias 9.00 17.00 28.00
13449 Isolino 14.00 16.00 8.00
13454 Anisio 10.00 0.00 18.00
13473 Anita 16.00 14.00 20.00
13481 Leccio 12.00 26.00 15.00
13486 Lianor 26.00 15.00 8.00
13560 Semiramis 24.00 25.00 9.00
13564 Eudora 19.00 25.00 28.00
13576 Roberto 27.00 26.00 17.00
13600 Carela 13.00 2.00 3.00
13610 Cesaro 18.00 14.00 16.00
13612 Loreta 7.00 12.00 8.00
13613 Linete 2.00 5.00 23.00
13619 Leocadia 1.00 9.00 6.00
13669 Secundino 22.00 25.00 1.00
13673 Eurica 6.00 14.00 21.00
13679 Alan 17.00 19.00 17.00
13694 Lorine 24.00 27.00 17.00
13696 Diogo 2.00 14.00 23.00
13713 Tasso 17.00 15.00 28.00
13717 Benita 28.00 3.00 3.00
13726 Jo 26.00 9.00 1.00
13729 Jetro 6.00 27.00 15.00
13730 Alivar 29.00 0.00 21.00
13742 Simplicio 25.00 12.00 19.00
13780 Indira 23.00 24.00 5.00
13781 Silvano 2.00 18.00 14.00
13782 Bernia 29.00 3.00 27.00
13786 Dolores 20.00 9.00 25.00
13814 Jitendra 5.00 19.00 24.00
13821 Hildeberto 18.00 7.00 16.00
13823 Adail 20.00 28.00 29.00
13836 Sassia 24.00 16.00 30.00
13894 Idelso 12.00 5.00 1.00
13926 Bebiano 6.00 19.00 30.00
13937 Eleonora 18.00 6.00 12.00
13950 Carin 18.00 8.00 12.00
13955 Salvina 0.00 8.00 20.00
13962 Lavinia 5.00 3.00 12.00
13975 Helvia 29.00 17.00 1.00
14021 Yuri 3.00 16.00 3.00
14061 Enzo 1.00 0.00 18.00
14064 Reinaldo 11.00 10.00 15.00
14065 Eularina 10.00 2.00 1.00
14073 Bruce 14.00 25.00 23.00
14082 Satira 14.00 13.00 10.00
14095 Santiago 28.00 20.00 6.00
14109 Clidio 2.00 10.00 12.00
14129 Aliana 3.00 1.00 10.00
14134 Herminio 6.00 11.00 19.00
14139 Simone 9.00 20.00 2.00
14157 Darcio 12.00 24.00 23.00
14181 Zulaia 29.00 4.00 13.00
14188 Clicio 4.00 17.00 25.00
14202 Alzira 6.00 7.00 2.00
14231 Matilde 14.00 11.00 3.00
14249 Austrelino 26.00 7.00 8.00
14269 Antonia 21.00 26.00 1.00
14271 Frederico 21.00 19.00 12.00
14278 Ilidio 9.00 9.00 23.00
14326 Liberia 27.00 10.00 15.00
14331 Cilio 30.00 27.00 10.00
14342 Alisande 1.00 12.00 14.00
14346 Isidro 1.00 23.00 24.00
14348 Petra 29.00 28.00 6.00
14408 Arabela 2.00 24.00 2.00
14432 Geraldo 27.00 26.00 20.00
14443 Dalia 19.00 24.00 16.00
14468 Katia 16.00 18.00 18.00
14471 Telma 20.00 11.00 11.00
14475 Tristao 17.00 18.00 10.00
14495 Benilde 18.00 24.00 23.00
14498 Graciete 25.00 30.00 1.00
14502 James 25.00 13.00 1.00
14511 Jordao 22.00 2.00 8.00
14555 Rebeca 24.00 18.00 27.00
14618 Acucena 20.00 12.00 15.00
14619 Vito 20.00 29.00 7.00
14647 Lana 18.00 12.00 11.00
14656 Artemisia 23.00 18.00 29.00
14664 Irina 19.00 11.00 8.00
14701 Gerberta 10.00 8.00 22.00
14707 Joaninha 17.00 6.00 19.00
14711 Luzio 5.00 16.00 23.00
14715 Joela 19.00 10.00 9.00
14756 Leomenia 5.00 1.00 10.00
14773 Teresina 9.00 18.00 20.00
14775 Ursanio 21.00 10.00 4.00
14788 Miguel 24.00 25.00 30.00
14801 Sancler 19.00 28.00 6.00
14802 Lhuzie 19.00 26.00 8.00
14806 Solano 1.00 20.00 16.00
14853 Nuno 15.00 22.00 13.00
14855 Dositeu 4.00 6.00 25.00
14860 Agnelo 12.00 3.00 2.00
14889 Emaus 10.00 24.00 10.00
14897 Cinara 1.00 28.00 14.00
14898 Evandra 15.00 12.00 1.00
14900 Vivaldo 11.00 3.00 7.00
14918 Dario 22.00 23.00 10.00
14981 Cania 11.00 25.00 13.00
14987 Licinio 20.00 2.00 21.00
14990 Halia 2.00 12.00 15.00
15005 Jonas 18.00 16.00 7.00
15006 Josiana 11.00 26.00 26.00
15009 Florenca 29.00 2.00 5.00
15037 Lizi 12.00 3.00 20.00
15044 Tadeu 19.00 23.00 6.00
15046 Gail 17.00 5.00 15.00
15069 Adelina 8.00 25.00 26.00
15072 Betina 22.00 27.00 21.00
15075 Anais 5.00 13.00 13.00
15090 Brazia 16.00 8.00 29.00
15110 Bebiana 21.00 13.00 15.00
15167 Luela 22.00 2.00 1.00
15176 Juno 21.00 24.00 15.00
15182 Tita 0.00 24.00 23.00
15187 Elisete 24.00 20.00 30.00
15218 Erique 28.00 4.00 17.00
15223 Bryan 4.00 25.00 14.00
15226 Elana 1.00 8.00 14.00
15227 Delfino 22.00 12.00 9.00
15252 Porfirio 24.00 25.00 7.00
15292 Soraia 7.00 7.00 9.00
15305 Belchior 13.00 8.00 8.00
15306 Esau 24.00 3.00 15.00
15311 oscar 21.00 4.00 26.00
15317 Decia 27.00 1.00 25.00
15331 Ida 8.00 7.00 11.00
15338 Leila 22.00 10.00 15.00
15351 Tamar 19.00 11.00 25.00
15360 Evangelista 17.00 12.00 10.00
15398 Idelia 27.00 19.00 14.00
15426 Hernani 3.00 28.00 25.00
15439 Aselio 29.00 28.00 26.00
15441 Idalia 29.00 17.00 28.00
15452 Donatila 22.00 5.00 24.00
15477 Jaquelina 25.00 7.00 8.00
15486 Anusca 13.00 5.00 9.00
15505 Barac 6.00 9.00 24.00
15526 Salustiano 20.00 0.00 22.00
15565 Tito 14.00 27.00 5.00
15600 Felisbina 24.00 19.00 26.00
15617 Berto 25.00 25.00 9.00
15624 Rosana 28.00 23.00 1.00
15659 Gentil 29.00 29.00 25.00
15665 Vasco 27.00 18.00 14.00
15668 Anunciacao 28.00 25.00 29.00
15670 Hermenegildo 24.00 10.00 9.00
15673 Felicia 16.00 26.00 12.00
15680 Aldo 24.00 0.00 25.00
15684 Ildo 2.00 8.00 30.00
15744 Eurico 20.00 6.00 11.00
15745 Marcia 5.00 27.00 25.00
15759 David 16.00 7.00 6.00
15773 Divo 6.00 25.00 5.00
15782 Vania 12.00 8.00 23.00
15785 Elisiario 2.00 14.00 5.00
15788 Salviano 13.00 5.00 29.00
15816 Acursio 15.00 4.00 8.00
15826 Axel 5.00 4.00 12.00
15845 Hermenerica 24.00 19.00 27.00
15853 Amadeu 20.00 25.00 30.00
15860 Angel 11.00 8.00 23.00
15865 Adolfo 2.00 25.00 19.00
15869 Libertario 10.00 24.00 8.00
15873 Elvina 5.00 9.00 7.00
15878 Vitaliano 17.00 24.00 0.00
15887 Gervasia 10.00 12.00 20.00
15922 Helena 19.00 25.00 10.00
15927 Oliveira 27.00 17.00 19.00
15951 Lumena 1.00 21.00 24.00
15953 Marcos 22.00 30.00 28.00
15979 Cristovao 24.00 19.00 29.00
15995 Briosa 2.00 6.00 5.00
16003 Gabi 19.00 10.00 17.00
16006 Gabriela 15.00 11.00 7.00
16008 Armelim 26.00 16.00 9.00
16010 Jenifer 17.00 16.00 10.00
16032 Acilio 22.00 2.00 28.00
16087 Dercio 2.00 5.00 6.00
16114 Dunio 13.00 29.00 15.00
16202 Lutgarda 26.00 15.00 19.00
16260 Sesira 7.00 15.00 18.00
16265 Jaques 11.00 0.00 12.00
16277 Dinis 1.00 9.00 26.00
16296 eder 15.00 9.00 13.00
16306 Gerda 9.00 16.00 14.00
16331 Fabiano 5.00 9.00 1.00
16345 Loredana 21.00 27.00 10.00
16392 Herman 5.00 12.00 15.00
16393 Avelino 16.00 2.00 18.00
16400 Irineu 5.00 2.00 23.00
16409 Morgana 29.00 3.00 2.00
16411 Heber 30.00 19.00 7.00
16454 Crisante 25.00 20.00 29.00
16459 Lazaro 13.00 15.00 4.00
16506 Susete 16.00 13.00 16.00
16509 Eloisa 7.00 1.00 14.00
16528 Hipolito 23.00 13.00 21.00
16535 Anair 16.00 6.00 24.00
16536 Fabiana 23.00 0.00 22.00
16548 Sali 4.00 14.00 6.00
16573 Ermiterio 28.00 11.00 20.00
16575 Eulogio 17.00 8.00 21.00
16583 Amado 26.00 5.00 24.00
16593 Linton 30.00 16.00 1.00
16607 Glicinia 6.00 16.00 11.00
16610 Colete 0.00 10.00 13.00
16611 Antonela 26.00 6.00 22.00
16626 Tania 3.00 27.00 6.00
16637 Vera 20.00 3.00 21.00
16643 Senia 13.00 15.00 29.00
16666 Lineia 1.00 21.00 20.00
16675 Aquil 26.00 9.00 20.00
16688 Filipe 3.00 23.00 20.00
16733 Dele 21.00 16.00 2.00
16744 Davinia 24.00 23.00 11.00
16780 Tiara 3.00 18.00 27.00
16798 Crisalia 7.00 12.00 2.00
16801 Hirondino 9.00 22.00 25.00
16821 andria 26.00 20.00 17.00
16842 Estelio 11.00 10.00 25.00
16847 Geralda 21.00 1.00 6.00
16848 Ilidia 17.00 7.00 30.00
16853 Anquita 9.00 3.00 2.00
16856 Giovani 26.00 11.00 20.00
16858 Liliete 20.00 23.00 8.00
16875 Selene 4.00 12.00 8.00
16887 Josias 9.00 1.00 24.00
16902 Clovis 5.00 8.00 11.00
16903 Clife 20.00 17.00 2.00
16928 Rosalia 11.00 11.00 9.00
16933 Eleia 22.00 14.00 12.00
16936 Vestina 6.00 20.00 27.00
16941 Penelope 19.00 15.00 9.00
16958 Gala 15.00 12.00 22.00
16963 Honorino 12.00 20.00 17.00
16965 Ursicia 29.00 29.00 4.00
16973 Katarina 23.00 19.00 2.00
16986 Cassiano 4.00 8.00 19.00
16987 Zelinda 19.00 4.00 1.00
17007 Cloe 12.00 20.00 5.00
17009 Lourival 2.00 23.00 9.00
17018 Eduardo 14.00 13.00 22.00
17029 Bruna 12.00 9.00 4.00
17031 Inocêncio 8.00 7.00 14.00
17039 Quiteria 6.00 30.00 15.00
17050 Gedeao 26.00 9.00 5.00
17064 Flora 25.00 15.00 1.00
17076 Edine 1.00 14.00 26.00
17083 Lucelinda 28.00 30.00 13.00
17092 Vianei 1.00 12.00 19.00
17129 Lizelia 27.00 13.00 9.00
17146 Almiro 27.00 25.00 1.00
17172 Urias 28.00 14.00 19.00
17177 Lua 11.00 16.00 17.00
17192 Satiro 4.00 24.00 8.00
17215 Xerxes 27.00 8.00 20.00
17221 Ademar 22.00 7.00 1.00
17246 Lenira 26.00 17.00 2.00
17269 Giraldina 20.00 24.00 23.00
17274 Alexandrina 25.00 19.00 7.00
17291 Iasmina 29.00 14.00 23.00
17296 Samir 10.00 12.00 27.00
17306 Arcelino 4.00 21.00 12.00
17308 Honorina 21.00 27.00 15.00
17332 Levi 15.00 7.00 9.00
17333 Anunciada 3.00 4.00 30.00
17337 Faustino 22.00 20.00 10.00
17346 Carissa 25.00 5.00 20.00
17386 Aminadabe 18.00 24.00 6.00
17394 Mariano 28.00 16.00 18.00
17405 Iracema 6.00 23.00 10.00
17408 Jalmira 24.00 26.00 28.00
17433 Deusdedito 4.00 1.00 19.00
17434 Franco 12.00 1.00 22.00
17435 Arcelio 12.00 8.00 26.00
17462 Domingas 11.00 14.00 27.00
17464 Ondina 4.00 27.00 16.00
17474 Xica 5.00 20.00 6.00
17483 Esmeraldo 25.00 9.00 18.00
17494 Josue 26.00 10.00 17.00
17508 Zilia 24.00 16.00 8.00
17510 Anaisa 0.00 0.00 17.00
17514 Carmim 3.00 22.00 2.00
17538 Doralice 11.00 4.00 26.00
17558 Luisete 24.00 20.00 29.00
17593 Ordonho 19.00 23.00 9.00
17598 Italo 10.00 30.00 17.00
17601 Expedito 24.00 27.00 18.00
17623 Salma 20.00 25.00 28.00
17629 Donzilia 7.00 10.00 0.00
17637 Jordano 20.00 1.00 6.00
17650 Georgina 22.00 18.00 17.00
17676 Salustiniano 6.00 5.00 5.00
17692 Inocência 19.00 5.00 16.00
17735 Arsenio 13.00 24.00 6.00
17740 Dorisa 19.00 26.00 7.00
17759 Celino 15.00 27.00 20.00
17776 Afranio 20.00 25.00 9.00
17799 Leonilda 25.00 8.00 6.00
17824 Adelio 17.00 24.00 27.00
17825 Eliane 26.00 11.00 20.00
17829 Quaiela 23.00 24.00 9.00
17886 Rafaela 25.00 12.00 23.00
17891 Heleno 3.00 8.00 21.00
17900 Urso 19.00 12.00 22.00
17901 Leandra 14.00 29.00 20.00
17937 Honorata 15.00 4.00 16.00
17943 Vicente 8.00 22.00 12.00
17951 Trajano 19.00 6.00 18.00
17992 Lorival 26.00 1.00 29.00
17996 Amorzinda 13.00 28.00 11.00
18000 icaro 30.00 18.00 5.00
18024 Marlene 28.00 6.00 26.00
18043 Leone 6.00 16.00 18.00
18074 Ian 7.00 19.00 15.00
18077 Edmur 8.00 6.00 27.00
18129 Elmer 3.00 6.00 26.00
18139 Danilo 16.00 21.00 18.00
18152 Clara 0.00 25.00 4.00
18155 Absalao 7.00 4.00 23.00
18168 Herenia 8.00 18.00 20.00
18199 Goncala 4.00 0.00 16.00
18220 Hedviges 15.00 9.00 25.00
18231 Leonidio 17.00 7.00 25.00
18240 Jacobina 14.00 22.00 29.00
18250 Adilia 8.00 5.00 19.00
18258 Damien 7.00 14.00 11.00
18279 Lorena 28.00 2.00 6.00
18337 Delfim 19.00 26.00 9.00
18355 Durbalino 9.00 12.00 6.00
18363 Elisabete 17.00 2.00 21.00
18378 Ingue 14.00 7.00 5.00
18386 Florbela 10.00 12.00 8.00
18425 Azelio 21.00 5.00 21.00
18453 Celina 16.00 7.00 5.00
18463 Ludovino 23.00 2.00 17.00
18469 Ignez 9.00 29.00 8.00
18470 ursulo 20.00 5.00 14.00
18481 Carminho 4.00 10.00 7.00
18482 Vicenta 28.00 6.00 29.00
18520 Liciniano 4.00 19.00 26.00
18536 Carol 11.00 29.00 27.00
18575 Lubelia 24.00 20.00 20.00
18585 Carita 21.00 3.00 10.00
18621 Lurdes 22.00 20.00 9.00
18634 Talio 16.00 19.00 27.00
18640 Altino 4.00 5.00 5.00
18675 Adalberto 4.00 0.00 21.00
18677 Jovelina 16.00 14.00 27.00
18682 Liduina 6.00 18.00 25.00
18726 Luisa 3.00 27.00 8.00
18731 Vidal 15.00 6.00 29.00
18744 Armenio 11.00 7.00 2.00
18753 Urbalina 4.00 7.00 9.00
18755 Ananias 8.00 27.00 11.00
18763 Isabela 19.00 6.00 19.00
18772 Nelson 19.00 23.00 7.00
18804 Adelino 23.00 1.00 11.00
18811 Anael 4.00 4.00 4.00
18846 Caetana 8.00 6.00 10.00
18860 Herenio 8.00 23.00 2.00
18867 Gislene 8.00 13.00 20.00
18878 Dora 23.00 22.00 13.00
18880 Georgete 5.00 21.00 13.00
18887 Serafina 26.00 17.00 5.00
18896 Engracio 17.00 26.00 13.00
18916 Josafat 5.00 21.00 27.00
18923 Vicência 13.00 12.00 0.00
18952 Tarcisio 26.00 25.00 22.00
18955 Caetano 26.00 19.00 27.00
18961 Ernani 15.00 22.00 11.00
18966 Hermiterio 30.00 6.00 21.00
19009 Alba 4.00 17.00 10.00
19041 Liberalina 17.00 13.00 19.00
19042 Deotila 18.00 24.00 30.00
19060 Helda 21.00 15.00 11.00
19068 Vitorio 25.00 21.00 21.00
19076 Florentino 2.00 16.00 27.00
19086 America 5.00 9.00 29.00
19092 Udo 9.00 25.00 2.00
19104 Idilia 9.00 9.00 25.00
19114 Alexandra 6.00 25.00 19.00
19131 Ofelia 14.00 22.00 4.00
19161 Ivone 22.00 18.00 1.00
19202 Zahra 23.00 23.00 4.00
19214 Talita 5.00 3.00 24.00
19227 Glaucia 14.00 24.00 14.00
19240 Alfreda 26.00 1.00 7.00
19252 Lira 0.00 17.00 25.00
19253 Sidnei 17.00 7.00 27.00
19256 Astrid 28.00 13.00 9.00
19263 Aron 18.00 1.00 24.00
19275 Quar 19.00 9.00 2.00
19283 Sauro 30.00 18.00 5.00
19302 Durvalino 28.00 4.00 9.00
19309 Celsa 28.00 10.00 0.00
19320 Anabela 20.00 29.00 9.00
19354 Carmezinda 2.00 11.00 12.00
19368 Eleine 6.00 18.00 12.00
19376 Tiburcio 6.00 21.00 13.00
19386 Feliz 21.00 26.00 22.00
19388 Tirso 3.00 15.00 4.00
19391 Bitia 16.00 14.00 24.00
19396 Florisa 10.00 13.00 14.00
19412 Floria 23.00 12.00 11.00
19418 Ulfrida 12.00 15.00 11.00
19440 Alvarino 1.00 16.00 0.00
19446 Ausenda 24.00 29.00 13.00
19449 Briolanjo 7.00 18.00 1.00
19467 Aramis 26.00 18.00 0.00
19468 Miguelina 4.00 29.00 27.00
19472 Rosaura 14.00 5.00 22.00
19475 Luamar 25.00 23.00 11.00
19484 Didiana 21.00 17.00 7.00
19492 Salomite 9.00 14.00 6.00
19503 Aldora 2.00 20.00 28.00
19505 Adiel 16.00 18.00 23.00
19520 Dionisio 14.00 2.00 4.00
19540 Sandrina 1.00 6.00 5.00
19541 Juliana 28.00 16.00 5.00
19545 Mamede 19.00 11.00 12.00
19555 Edmero 16.00 16.00 14.00
19570 Amorina 16.00 4.00 19.00
19572 Belinda 6.00 25.00 5.00
19574 Cidalia 12.00 16.00 0.00
19577 Antonina 14.00 23.00 8.00
19613 Auriana 13.00 5.00 7.00
19615 Leonidia 13.00 4.00 29.00
19659 Duartina 9.00 14.00 13.00
19664 Eleonor 29.00 1.00 1.00
19672 Eline 28.00 27.00 7.00
19682 Clicia 18.00 29.00 10.00
19704 Kelly 19.00 17.00 26.00
19707 Albano 25.00 28.00 29.00
19708 Zaqueu 2.00 24.00 2.00
19750 Adalia 1.00 20.00 20.00
19759 Jeronimo 28.00 7.00 27.00
19772 Marcela 17.00 30.00 11.00
19784 Gilberta 22.00 3.00 6.00
19785 Umbelina 10.00 27.00 20.00
19799 Filomeno 23.00 4.00 9.00
19801 Ursacio 10.00 15.00 16.00
19802 Isolda 1.00 8.00 16.00
19862 Susana 21.00 1.00 22.00
19866 Zera 16.00 7.00 30.00
19893 Benvinda 23.00 2.00 17.00
19905 Dirio 6.00 16.00 15.00
19950 Delmira 16.00 20.00 12.00
19954 Galiana 8.00 28.00 9.00
19978 Abraao 24.00 1.00 16.00
19983 Jansenio 7.00 13.00 19.00
19997 Clorindo 4.00 10.00 11.00
20008 Aldair 16.00 21.00 13.00
20016 Bertino 14.00 25.00 21.00
20020 Olavo 22.00 10.00 21.00
20025 Janardo 20.00 27.00 2.00
20026 Dominico 14.00 10.00 7.00
20045 Everaldo 11.00 11.00 9.00
20106 Darque 28.00 19.00 20.00
20120 Zarco 20.00 12.00 12.00
20124 Cipora 26.00 5.00 8.00
20141 Heladia 2.00 5.00 19.00
20162 Anamar 22.00 16.00 4.00
20173 Alida 11.00 11.00 28.00
20180 Bartolina 13.00 19.00 6.00
20202 Telo 3.00 23.00 6.00
20207 Filinto 16.00 19.00 14.00
20208 Iria 8.00 19.00 10.00
20224 Fabiao 27.00 3.00 24.00
20250 Antero 15.00 21.00 29.00
20268 Lito 25.00 16.00 7.00
20270 Jaco 28.00 15.00 2.00
20285 Savio 29.00 9.00 27.00
20286 ulpio 12.00 14.00 26.00
20297 Anisia 13.00 19.00 5.00
20319 Iag 23.00 18.00 19.00
20333 Minervina 22.00 18.00 26.00
20342 Gracio 21.00 6.00 7.00
20344 Francisco 21.00 2.00 6.00
20352 Disa 1.00 20.00 23.00
20359 Turgo 5.00 15.00 9.00
20366 Guida 22.00 18.00 29.00
20428 Bibili 0.00 3.00 28.00
20525 Joscelino 24.00 2.00 11.00
20552 Arine 0.00 27.00 11.00
20569 Caren 7.00 17.00 24.00
20570 Natercia 2.00 12.00 20.00
20588 Anesia 16.00 28.00 15.00
20599 Fredo 17.00 26.00 1.00
20631 Hulda 29.00 11.00 6.00
20636 Jacqueline 8.00 5.00 9.00
20655 Valerio 27.00 13.00 3.00
20672 Tarina 0.00 16.00 26.00
20673 Xisto 2.00 3.00 17.00
20681 Aladino 5.00 22.00 7.00
20684 Ursiciana 5.00 10.00 16.00
20710 erica 13.00 3.00 8.00
20768 Africano 29.00 13.00 22.00
20769 Surendralal 23.00 7.00 14.00
20771 Geraldino 11.00 4.00 6.00
20779 Moises 1.00 29.00 28.00
20780 Etelca 23.00 25.00 4.00
20793 Alaide 0.00 12.00 15.00
20794 Adonilo 6.00 2.00 7.00
20797 Ivanoela 3.00 12.00 17.00
20805 Cedrico 20.00 19.00 28.00
20811 Pedro 20.00 12.00 13.00
20845 Carlota 0.00 16.00 17.00
20885 Hemeteria 5.00 13.00 6.00
20890 Sandro 1.00 17.00 25.00
20914 Eutalia 9.00 19.00 27.00
20918 Izalino 11.00 11.00 10.00
20921 Carmelita 7.00 16.00 25.00
20924 Ferrer 18.00 19.00 28.00
20949 Aldemar 15.00 26.00 10.00
20976 Lucilio 16.00 24.00 11.00
20985 Hortense 2.00 27.00 16.00
21069 Aderio 28.00 26.00 14.00
21083 Vilma 10.00 28.00 9.00
21088 Leonardo 5.00 12.00 10.00
21091 Estefano 10.00 15.00 18.00
21102 Socorro 11.00 6.00 9.00
21106 Adrien 18.00 29.00 1.00
21111 Fernandino 25.00 5.00 26.00
21112 Serafim 25.00 23.00 4.00
21115 Edgar 30.00 5.00 14.00
21126 Bernardino 14.00 3.00 3.00
21130 Baltasar 19.00 20.00 17.00
21137 Elioenai 3.00 22.00 24.00
21168 Edith 5.00 24.00 1.00
21169 Eloa 14.00 2.00 15.00
21182 Ronaldo 19.00 19.00 10.00
21213 Ticiano 19.00 10.00 15.00
21220 Dejalme 8.00 21.00 7.00
21243 Catila 2.00 4.00 5.00
21272 Catarina 20.00 15.00 13.00
21276 Betsabe 25.00 24.00 13.00
21278 Floriana 25.00 27.00 3.00
21285 Homero 4.00 27.00 21.00
21296 Linda 3.00 17.00 24.00
21302 Candice 2.00 5.00 1.00
21307 Greta 7.00 1.00 21.00
21308 Dafne 11.00 2.00 0.00
21328 Dorinda 13.00 15.00 7.00
21334 Melinda 3.00 11.00 14.00
21339 Violante 1.00 12.00 11.00
21343 Carisia 28.00 15.00 0.00
21345 Gisela 16.00 29.00 4.00
21346 Isaura 19.00 0.00 3.00
21356 Denis 2.00 5.00 3.00
21371 Eteria 4.00 9.00 18.00
21400 Dejanira 23.00 22.00 22.00
21402 Cristene 30.00 24.00 21.00
21428 Franklim 8.00 9.00 13.00
21431 Cinira 30.00 3.00 20.00
21437 Anaice 26.00 23.00 16.00
21446 Fausto 28.00 26.00 27.00
21462 Adelaide 9.00 24.00 7.00
21464 Sesinando 2.00 27.00 13.00
21489 Sinesio 19.00 18.00 4.00
21497 Idavide 0.00 6.00 23.00
21507 Viviane 9.00 19.00 15.00
21516 Janice 24.00 20.00 2.00
21532 Juraci 12.00 14.00 8.00
21567 Diza 16.00 28.00 26.00
21568 Lisete 15.00 10.00 18.00
21575 Ingride 1.00 7.00 18.00
21576 Catilina 21.00 23.00 15.00
21591 Palmiro 6.00 3.00 17.00
21632 Baqui 10.00 15.00 9.00
21660 Deolindo 27.00 24.00 28.00
21664 Quirio 18.00 28.00 28.00
21667 Ima 10.00 6.00 6.00
21680 Damas 8.00 13.00 16.00
21683 Fabricio 23.00 14.00 13.00
21702 Jasmina 29.00 19.00 8.00
21722 Margarida 21.00 20.00 29.00
21736 Fabio 10.00 19.00 12.00
21742 Aradna 7.00 10.00 3.00
21746 Andreo 15.00 5.00 2.00
21766 Edma 29.00 15.00 5.00
21768 Gino 13.00 13.00 5.00
21779 Alberta 28.00 1.00 30.00
21801 Melquisedeque 19.00 28.00 29.00
21808 Americo 26.00 15.00 22.00
21840 Cristele 11.00 22.00 16.00
21844 Quim 19.00 13.00 18.00
21871 Heraldo 28.00 17.00 20.00
21889 Helenico 11.00 23.00 9.00
21906 Airiza 9.00 16.00 11.00
21938 Jandira 18.00 27.00 7.00
21955 Selesio 15.00 17.00 27.00
21962 Ciria 30.00 22.00 22.00
21965 Andresa 18.00 29.00 5.00
21966 Alipio 4.00 27.00 7.00
21982 Tude 10.00 1.00 16.00
22044 Amos 22.00 27.00 19.00
22048 Lisdalia 22.00 28.00 29.00
22051 Vladimiro 22.00 30.00 4.00
22058 Dalila 28.00 30.00 3.00
22059 Dilermando 10.00 11.00 7.00
22061 Gumersinda 17.00 24.00 25.00
22062 Erico 25.00 16.00 24.00
22104 Deotila 9.00 29.00 23.00
22138 Clesia 17.00 28.00 19.00
22139 Simao 30.00 27.00 15.00
22152 Arao 21.00 14.00 8.00
22160 Pepio 2.00 18.00 10.00
22172 Fred 19.00 7.00 29.00
22212 Eduino 2.00 18.00 26.00
22223 Airton 3.00 11.00 12.00
22225 Claudemiro 29.00 5.00 8.00
22230 Daliana 5.00 16.00 8.00
22234 Adonai 9.00 10.00 13.00
22283 Jairo 11.00 2.00 0.00
22316 Samira 9.00 27.00 19.00
22342 Elca 25.00 24.00 27.00
22354 Agnes 13.00 27.00 17.00
22382 Amanda 27.00 20.00 18.00
22410 Cinderela 16.00 19.00 22.00
22416 Berengaria 20.00 22.00 21.00
22437 Gervasio 7.00 24.00 28.00
22444 Letizia 5.00 17.00 0.00
22450 Analide 18.00 24.00 27.00
22470 Virginio 30.00 7.00 27.00
22486 Ariana 18.00 9.00 9.00
22488 Gabriel 14.00 14.00 9.00
22508 aser 1.00 16.00 14.00
22511 Sheila 29.00 23.00 12.00
22520 Seleso 12.00 5.00 1.00
22532 Dieter 22.00 10.00 20.00
22541 Ferdinando 30.00 11.00 22.00
22573 Quiterio 18.00 28.00 13.00
22603 Graciliano 21.00 29.00 2.00
22626 Leôncio 21.00 12.00 2.00
22631 Arquimedes 18.00 25.00 5.00
22636 Ludmila 15.00 6.00 4.00
22653 Calisto 16.00 30.00 17.00
22654 Dana 10.00 13.00 12.00
22694 Job 16.00 22.00 19.00
22762 Segismundo 25.00 28.00 4.00
22770 Evelacio 12.00 0.00 22.00
22798 Audete 15.00 13.00 12.00
22807 Placido 5.00 18.00 11.00
22819 Angelico 25.00 9.00 29.00
22841 Liberdade 5.00 8.00 28.00
22854 Haide 3.00 22.00 14.00
22869 Santos 16.00 23.00 19.00
22897 Torcato 13.00 5.00 14.00
22901 Dunia 11.00 23.00 27.00
22914 Joel 6.00 3.00 18.00
22925 Zobaida 17.00 15.00 10.00
22999 Dilan 11.00 4.00 16.00
23007 Leta 4.00 16.00 10.00
23022 Joice 10.00 23.00 20.00
23059 Anaim 18.00 23.00 9.00
23083 Gaorii 3.00 3.00 25.00
23088 Isandro 3.00 22.00 7.00
23116 Aprigio 14.00 22.00 1.00
23137 Aldonio 10.00 16.00 6.00
23179 Dioclecio 15.00 25.00 8.00
23186 Titania 18.00 10.00 16.00
23195 Ramao 15.00 18.00 5.00
23211 Ze 1.00 20.00 3.00
23229 Diva 18.00 8.00 25.00
23230 Rafael 2.00 14.00 9.00
23231 Gabino 11.00 21.00 14.00
23233 Salomao 11.00 16.00 7.00
23242 Fabiola 10.00 2.00 25.00
23246 Valter 24.00 8.00 17.00
23256 Ariadna 16.00 5.00 14.00
23263 Brena 25.00 5.00 0.00
23273 Joselina 13.00 14.00 4.00
23282 Galiano 17.00 15.00 0.00
23292 Aniana 0.00 13.00 0.00
23335 Timoteo 7.00 25.00 8.00
23340 Betia 28.00 27.00 20.00
23341 Ovidio 6.00 29.00 10.00
23361 Quirina 3.00 21.00 13.00
23376 Bernardim 11.00 29.00 3.00
23413 Brunilde 4.00 20.00 20.00
23440 Leandro 10.00 20.00 2.00
23441 Dorindo 22.00 5.00 22.00
23447 Lizie 11.00 9.00 12.00
23450 Cesaria 29.00 8.00 20.00
23452 Licidas 7.00 20.00 4.00
23490 Urania 27.00 13.00 5.00
23497 Salvacao 26.00 11.00 25.00
23511 Gislena 16.00 1.00 1.00
23558 Antonieta 19.00 17.00 4.00
23564 Ianis 12.00 3.00 0.00
23581 Hildebrando 18.00 29.00 4.00
23593 Helada 2.00 10.00 8.00
23594 Delia 29.00 14.00 1.00
23640 Adner 28.00 6.00 9.00
23685 Ariadne 22.00 16.00 17.00
23700 Jovelino 27.00 17.00 25.00
23706 Lila 1.00 28.00 18.00
23713 Elisa 11.00 4.00 21.00
23715 Mauro 10.00 23.00 3.00
23738 Alexandro 0.00 8.00 19.00
23740 Renato 28.00 16.00 16.00
23741 Carmorinda 27.00 11.00 7.00
23752 Eric 7.00 19.00 23.00
23760 Feba 22.00 23.00 10.00
23782 Jocelina 5.00 1.00 9.00
23797 Cristela 20.00 0.00 7.00
23799 Martinho 23.00 1.00 25.00
23818 Guilherme 25.00 18.00 7.00
23854 Cidalina 23.00 24.00 28.00
23860 Deodata 28.00 16.00 28.00
23861 Juventino 7.00 4.00 2.00
23873 Nidia 14.00 2.00 4.00
23885 Zuleica 23.00 6.00 27.00
23911 Hermenegilda 25.00 11.00 7.00
23918 Sadraque 15.00 5.00 18.00
23928 Leonila 17.00 11.00 21.00
23935 Helga 11.00 9.00 28.00
23946 Alitio 13.00 27.00 1.00
23972 Isaac 7.00 18.00 26.00
23999 Gaela 27.00 8.00 3.00
24017 Caico 14.00 8.00 22.00
24018 Laurenio 26.00 7.00 7.00
24026 Sebastiana 8.00 3.00 28.00
24044 Earine 26.00 12.00 29.00
24050 Africana 15.00 16.00 5.00
24061 Boris 13.00 26.00 19.00
24079 Junio 3.00 7.00 11.00
24081 Cleonice 25.00 24.00 26.00
24093 Urbina 12.00 10.00 20.00
24110 Erica 12.00 11.00 30.00
24126 enia 29.00 11.00 21.00
24146 Taissa 25.00 11.00 6.00
24151 Lina 29.00 21.00 3.00
24154 Didaco 7.00 5.00 14.00
24167 Lucio 30.00 23.00 30.00
24192 Idario 16.00 25.00 2.00
24207 aria 7.00 21.00 4.00
24208 Jorgina 15.00 3.00 10.00
24218 Eladio 27.00 18.00 27.00
24219 Urbiria 2.00 27.00 8.00
24227 Heliana 19.00 10.00 22.00
24229 Isolete 22.00 4.00 11.00
24237 Azuil 1.00 21.00 2.00
24282 Isaurinda 3.00 22.00 4.00
24285 Delcio 1.00 17.00 10.00
24296 Valentim 12.00 3.00 15.00
24321 Floripes 28.00 2.00 24.00
24329 Teresca 27.00 24.00 16.00
24340 Mem 17.00 11.00 16.00
24341 Tiago 29.00 23.00 15.00
24360 Noel 27.00 23.00 23.00
24377 India 6.00 11.00 1.00
24382 Liliane 27.00 27.00 23.00
24393 Cassilda 2.00 9.00 18.00
24410 Ariel 13.00 28.00 12.00
24418 Abelamio 24.00 29.00 18.00
24434 Joselia 3.00 27.00 7.00
24436 Damaris 14.00 7.00 28.00
24452 Estefana 13.00 7.00 25.00
24460 Gilma 22.00 14.00 18.00
24465 Leonardina 5.00 24.00 29.00
24485 Sueli 5.00 18.00 23.00
24500 Suri 24.00 27.00 9.00
24539 Ivete 25.00 28.00 21.00
24564 Quirilo 24.00 20.00 3.00
24615 Laurentino 17.00 4.00 0.00
24620 Brigido 26.00 24.00 7.00
24622 Diego 2.00 6.00 5.00
24675 Jamim 19.00 15.00 16.00
24678 Sergio 25.00 27.00 12.00
24701 Goma 10.00 17.00 7.00
24715 Zairo 19.00 10.00 27.00
24722 Alexandrino 19.00 25.00 4.00
24727 Alcibiades 15.00 28.00 0.00
24735 Amara 11.00 9.00 17.00
24737 Jose 7.00 12.00 29.00
24746 Dirce 28.00 27.00 22.00
24747 Gerberto 18.00 16.00 19.00
24749 Josselino 13.00 3.00 23.00
24750 Aura 29.00 19.00 25.00
24755 Darlene 18.00 15.00 13.00
24819 Eduarda 27.00 17.00 5.00
24835 Laurina 13.00 27.00 17.00
24838 Corino 25.00 12.00 20.00
24868 Gamaliel 2.00 3.00 11.00
24880 Matias 3.00 14.00 4.00
24887 Satia 15.00 19.00 3.00
24905 Arcadio 26.00 3.00 28.00
24909 Selma 9.00 4.00 29.00
24957 Lorenzo 5.00 5.00 26.00
24969 Dulcinio 8.00 1.00 9.00
25018 Aline 5.00 8.00 3.00
25030 Bertina 12.00 18.00 17.00
25041 Heralda 18.00 13.00 27.00
25062 Dolique 17.00 6.00 0.00
25067 Jonata 11.00 28.00 23.00
25088 Nadia 19.00 4.00 2.00
25099 Ione 27.00 12.00 11.00
25125 Arquiminio 20.00 1.00 22.00
25153 Dalida 17.00 28.00 26.00
25161 Clelia 6.00 22.00 4.00
25170 Digna 13.00 21.00 10.00
25185 Vivina 15.00 24.00 4.00
25208 Nazare 17.00 12.00 2.00
25210 Geraldina 0.00 0.00 3.00
25212 Demetria 15.00 16.00 15.00
25256 Erika 11.00 27.00 14.00
25267 Belisa 18.00 5.00 8.00
25284 Benicio 29.00 18.00 14.00
25300 Aubri 20.00 8.00 30.00
25301 Teofilo 4.00 10.00 19.00
25309 edipo 10.00 3.00 0.00
25318 Baldomero 29.00 19.00 21.00
25332 Dara 27.00 13.00 9.00
25336 Zenia 18.00 28.00 18.00
25343 Simoneta 27.00 16.00 5.00
25364 Ioque 26.00 9.00 4.00
25373 Castor 17.00 14.00 28.00
25377 Adorino 24.00 15.00 21.00
25387 Rosario 13.00 25.00 23.00
25409 Tulipa 17.00 19.00 2.00
25413 Lucileine 25.00 30.00 3.00
25445 Brian 6.00 20.00 19.00
25452 Murilo 3.00 5.00 5.00
25454 Herminia 23.00 28.00 20.00
25455 Vitalia 24.00 15.00 17.00
25468 Liliana 26.00 24.00 27.00
25473 Liana 19.00 10.00 27.00
25477 Luzinira 11.00 25.00 2.00
25482 Lidio 5.00 1.00 7.00
25492 Fidelia 15.00 9.00 4.00
25497 Teseu 2.00 1.00 15.00
25526 Silverio 5.00 22.00 13.00
25545 Graciela 20.00 17.00 15.00
25553 Jacira 26.00 8.00 2.00
25567 Gregoria 9.00 2.00 28.00
25574 Erik 14.00 16.00 1.00
25583 Quirino 14.00 14.00 8.00
25606 Samanta 4.00 19.00 9.00
25621 Osvaldo 16.00 16.00 7.00
25631 Salome 26.00 25.00 19.00
25632 Adao 20.00 3.00 12.00
25642 Elias 1.00 13.00 2.00
25643 Firmino 17.00 8.00 23.00
25649 Delmina 3.00 3.00 27.00
25674 Estrela 25.00 2.00 10.00
25693 Alana 26.00 4.00 1.00
25694 Isaque 26.00 17.00 16.00
25711 Basilio 15.00 3.00 16.00
25757 Simara 5.00 8.00 8.00
25764 Catarino 26.00 23.00 9.00
25767 Tacio 27.00 27.00 5.00
25776 Edna 17.00 24.00 9.00
25794 Lidiana 5.00 12.00 2.00
25802 Sulamita 27.00 6.00 13.00
25804 Tomas 25.00 8.00 1.00
25815 Marisa 7.00 7.00 11.00
25863 Julinda 13.00 27.00 15.00
25870 Ulisses 25.00 19.00 10.00
25874 Fara 21.00 9.00 17.00
25923 Ana 2.00 15.00 27.00
25932 Octavia 8.00 22.00 17.00
25933 Quessia 10.00 9.00 13.00
25965 Monica 15.00 17.00 3.00
25978 Anuque 8.00 6.00 10.00
25984 Claudio 14.00 2.00 23.00
25988 Hortênsio 26.00 9.00 11.00
25989 Aurelia 17.00 30.00 27.00
25997 Arisberto 29.00 15.00 1.00
26011 Anania 16.00 28.00 19.00
26017 Tome 8.00 27.00 18.00
26061 Uldarico 2.00 18.00 2.00
26064 Esmeria 12.00 18.00 15.00
26092 Hilario 29.00 17.00 28.00
26095 Crisalida 17.00 8.00 29.00
26107 Guendolina 4.00 11.00 15.00
26114 Felicidade 25.00 23.00 12.00
26131 Nicanor 18.00 14.00 1.00
26132 Arlanda 27.00 30.00 9.00
26141 Ederia 8.00 5.00 21.00
26164 Neuza 3.00 27.00 22.00
26169 Elodia 24.00 5.00 22.00
26180 Simaura 29.00 30.00 18.00
26183 Andrea 2.00 24.00 18.00
26204 Acilino 21.00 11.00 6.00
26218 Socrates 27.00 15.00 7.00
26246 Canto 26.00 11.00 10.00
26253 Gracinda 14.00 4.00 18.00
26265 Alois 7.00 27.00 13.00
26294 Ceres 21.00 16.00 3.00
26307 Euridice 27.00 7.00 16.00
26320 Henrique 25.00 14.00 19.00
26322 Ulrica 27.00 5.00 7.00
26338 Dania 27.00 8.00 18.00
26358 Carmerio 9.00 26.00 18.00
26367 Ulrico 29.00 21.00 5.00
26384 Helia 7.00 13.00 18.00
26430 Leolina 24.00 2.00 29.00
26480 Selesa 5.00 10.00 27.00
26524 Deodete 3.00 16.00 17.00
26553 Odilia 10.00 23.00 21.00
26600 Selmo 0.00 12.00 2.00
26617 Licinia 21.00 7.00 13.00
26634 Cristiano 8.00 29.00 3.00
26656 Napoleao 18.00 20.00 0.00
26668 Iuri 5.00 8.00 22.00
26676 Helier 16.00 8.00 11.00
26713 Aziz 25.00 2.00 6.00
26742 angela 17.00 27.00 2.00
26753 Flaminia 26.00 2.00 20.00
26756 Germana 4.00 17.00 9.00
26759 Traciana 29.00 29.00 12.00
26766 Febe 22.00 26.00 24.00
26776 elsio 15.00 7.00 4.00
26785 Cristiana 3.00 27.00 8.00
26805 Brizida 25.00 5.00 26.00
26817 Dorina 18.00 25.00 5.00
26821 Veridiano 25.00 20.00 28.00
26855 Apolo 22.00 28.00 13.00
26865 Helder 19.00 5.00 15.00
26875 Consulino 29.00 25.00 22.00
26877 Auta 1.00 2.00 29.00
26882 Silvandira 2.00 13.00 13.00
26884 Donato 28.00 24.00 25.00
26920 Santelmo 2.00 1.00 4.00
26945 Marco 29.00 9.00 2.00
26979 Berilo 13.00 1.00 11.00
26980 Saula 20.00 29.00 23.00
26983 Boavida 3.00 1.00 4.00
27004 Brandao 30.00 10.00 25.00
27010 Leonel 9.00 27.00 17.00
27023 Sotero 20.00 6.00 3.00
27033 Altina 21.00 24.00 15.00
27059 Adruzilo 15.00 3.00 6.00
27105 Luis 2.00 19.00 6.00
27119 Lisandro 26.00 18.00 5.00
27130 Fiama 23.00 21.00 24.00
27133 Alder 1.00 25.00 4.00
27134 Hildeberta 12.00 27.00 6.00
27143 Hermes 26.00 30.00 7.00
27162 Laurine 20.00 25.00 22.00
27165 Samuel 13.00 27.00 22.00
27181 Indalecio 29.00 13.00 19.00
27185 Alexis 18.00 3.00 28.00
27224 Dirque 13.00 28.00 10.00
27264 Eliano 4.00 12.00 7.00
27284 Paula 30.00 12.00 22.00
27295 Hadassa 7.00 29.00 24.00
27300 Jeanete 16.00 30.00 11.00
27315 Idalina 20.00 25.00 3.00
27319 Conceicao 13.00 10.00 15.00
27321 Hermenerico 21.00 20.00 7.00
27329 Iago 29.00 8.00 0.00
27352 Eustacio 6.00 23.00 7.00
27358 Felisbela 24.00 2.00 19.00
27363 Etel 16.00 12.00 13.00
27364 Deonilde 15.00 26.00 18.00
27374 Victoria 11.00 28.00 15.00
27390 Gildasio 5.00 27.00 0.00
27424 Emanuel 4.00 27.00 1.00
27425 Juliao 27.00 7.00 26.00
27429 Elgar 29.00 28.00 21.00
27449 Corita 24.00 20.00 23.00
27453 Uziel 28.00 25.00 9.00
27461 Uranio 6.00 1.00 8.00
27466 Lourenca 12.00 4.00 8.00
27493 Aldenora 12.00 3.00 0.00
27495 Fantina 9.00 24.00 15.00
27509 Lussinga 24.00 28.00 4.00
27510 Encarnacao 26.00 28.00 20.00
27525 Climenia 18.00 9.00 26.00
27539 Evelina 21.00 18.00 4.00
27544 Deivid 7.00 29.00 17.00
27564 Gusmao 15.00 21.00 1.00
27576 Siddartha 23.00 14.00 16.00
27588 Bernardo 10.00 19.00 22.00
27610 Higino 6.00 8.00 3.00
27611 Romano 20.00 26.00 1.00
27628 Ulfrido 29.00 23.00 27.00
27630 Frede 21.00 20.00 9.00
27656 Constancia 1.00 18.00 5.00
27675 Dulce 27.00 2.00 29.00
27687 Silviana 21.00 25.00 3.00
27691 Lilian 16.00 5.00 9.00
27705 Jadir 6.00 26.00 24.00
27708 Candido 8.00 13.00 5.00
27713 Alano 1.00 15.00 26.00
27727 Lucilina 6.00 1.00 18.00
27755 Gumersindo 22.00 30.00 28.00
27770 Carisa 27.00 21.00 17.00
27774 Huguete 12.00 6.00 22.00
27785 Bernardina 1.00 6.00 14.00
27790 Susi 26.00 16.00 22.00
27813 Xavier 18.00 10.00 3.00
27818 Salete 30.00 2.00 9.00
27843 Benjamina 8.00 27.00 22.00
27871 Isalda 5.00 1.00 9.00
27885 Jania 5.00 18.00 2.00
27903 Jardel 14.00 10.00 23.00
27919 Alcindo 17.00 24.00 7.00
27933 Hemiteria 3.00 16.00 23.00
27949 Kyara 19.00 11.00 8.00
27959 Josana 10.00 19.00 9.00
27998 Libertaria 2.00 11.00 29.00
28024 Elina 21.00 10.00 8.00
28027 Ismalia 23.00 2.00 7.00
28042 Xenon 26.00 18.00 7.00
28053 Salima 11.00 11.00 2.00
28107 Druso 20.00 26.00 20.00
28116 Jacob 2.00 26.00 27.00
28149 Paulino 6.00 11.00 26.00
28165 Jesualdo 7.00 18.00 29.00
28191 Genesio 8.00 25.00 19.00
28193 Dhruva 11.00 7.00 26.00
28208 Blasia 20.00 23.00 12.00
28210 elia 6.00 24.00 2.00
28217 Violeta 12.00 28.00 28.00
28222 Clesio 6.00 0.00 8.00
28259 Ingeburga 22.00 21.00 12.00
28261 alia 11.00 13.00 21.00
28265 Josefina 13.00 26.00 18.00
28273 Livia 28.00 22.00 22.00
28276 Abel 3.00 23.00 27.00
28296 Janete 10.00 18.00 4.00
28316 Gualter 18.00 21.00 20.00
28326 Aide 12.00 7.00 21.00
28360 agata 6.00 5.00 3.00
28368 Noe 18.00 26.00 28.00
28382 Aquiles 15.00 22.00 24.00
28383 Marina 23.00 23.00 1.00
28386 Basilia 1.00 3.00 3.00
28397 Cesarina 6.00 5.00 14.00
28403 Elisabeth 18.00 20.00 20.00
28440 Otilia 9.00 14.00 6.00
28468 Dionilde 8.00 8.00 27.00
28474 Daniela 28.00 15.00 1.00
28480 Corsino 0.00 7.00 18.00
28486 Andreia 6.00 10.00 14.00
28494 Eda 14.00 19.00 20.00
28499 aurea 22.00 21.00 29.00
28501 Dino 2.00 14.00 8.00
28502 Isauro 27.00 13.00 3.00
28515 Haraldo 23.00 17.00 27.00
28518 Helvecia 18.00 6.00 14.00
28539 Alcides 12.00 11.00 7.00
28592 Virgulino 30.00 7.00 18.00
28593 Romulo 4.00 11.00 4.00
28605 Francina 29.00 6.00 19.00
28621 Sisenando 8.00 26.00 7.00
28657 Bertila 17.00 30.00 3.00
28667 Querubim 3.00 10.00 14.00
28669 Martim 8.00 25.00 12.00
28680 Sabrina 18.00 1.00 18.00
28692 Rui 23.00 11.00 0.00
28716 Elodia 26.00 4.00 6.00
28719 Anfiloco 21.00 28.00 29.00
28725 Ditza 26.00 12.00 9.00
28728 Olga 29.00 29.00 15.00
28735 Salemo 19.00 11.00 16.00
28737 Harolda 6.00 17.00 26.00
28738 Duilio 12.00 27.00 18.00
28753 Lucelia 24.00 22.00 15.00
28755 Fedra 7.00 5.00 2.00
28765 Alicia 25.00 27.00 8.00
28781 Jair 9.00 4.00 24.00
28787 Lucinio 14.00 17.00 2.00
28798 Michele 4.00 21.00 7.00
28830 Laureana 2.00 16.00 20.00
28879 Cael 18.00 11.00 9.00
28900 Eleazar 8.00 29.00 4.00
28917 Gomes 26.00 23.00 21.00
28931 Xico 6.00 2.00 3.00
28952 Solene 0.00 7.00 13.00
28985 Aventino 4.00 11.00 27.00
28987 Leo 2.00 30.00 2.00
28990 Edina 26.00 21.00 13.00
29008 Diocleciana 14.00 11.00 6.00
29037 Djalme 26.00 2.00 6.00
29038 Cremilda 20.00 0.00 10.00
29046 Gonzaga 29.00 8.00 22.00
29049 Teresa 12.00 21.00 21.00
29051 Lidorio 4.00 26.00 1.00
29133 Sonia 12.00 28.00 18.00
29140 Ruben 7.00 26.00 23.00
29141 Amandina 13.00 17.00 14.00
29154 Hermana 8.00 10.00 20.00
29170 Andreias 22.00 7.00 9.00
29173 Julita 2.00 13.00 26.00
29174 Edir 22.00 21.00 30.00
29187 Lopo 13.00 19.00 15.00
29206 Patricia 4.00 11.00 22.00
29222 Neusa 29.00 19.00 4.00
29226 Loide 26.00 16.00 29.00
29245 Dinarta 4.00 29.00 8.00
29265 Bertolino 30.00 15.00 18.00
29268 Garcia 17.00 9.00 3.00
29285 Dina 22.00 28.00 11.00
29313 Doriana 23.00 5.00 2.00
29314 Assuncao 1.00 13.00 25.00
29319 Benedito 28.00 21.00 29.00
29337 Alcina 5.00 8.00 10.00
29352 Manel 2.00 8.00 25.00
29355 Fabia 11.00 19.00 5.00
29367 Nicolau 11.00 4.00 26.00
29380 Ulpiana 5.00 29.00 23.00
29393 Levina 24.00 26.00 15.00
29411 Davide 4.00 18.00 16.00
29436 Acacio 3.00 4.00 12.00
29460 Sadi 10.00 2.00 18.00
29484 Rogerio 2.00 13.00 4.00
29517 Stelina 3.00 23.00 7.00
29527 Fradique 14.00 16.00 13.00
29531 Karen 7.00 15.00 19.00
29539 Lara 22.00 26.00 2.00
29596 Dioniso 11.00 19.00 26.00
29608 Lucas 1.00 0.00 29.00
29619 Eunice 26.00 18.00 8.00
29713 Hemiterio 5.00 6.00 17.00
29719 Vivilde 29.00 1.00 18.00
29728 Ciro 13.00 24.00 5.00
29752 Geisa 20.00 5.00 17.00
29772 Josuana 7.00 17.00 11.00
29789 Dulcineia 9.00 7.00 27.00
29799 Safia 27.00 17.00 2.00
29824 Serenela 29.00 15.00 13.00
29858 Iven 15.00 28.00 8.00
29870 Irma 16.00 2.00 21.00
29876 Heladio 17.00 5.00 7.00
29878 Sidraque 15.00 6.00 9.00
29880 Iriana 29.00 11.00 26.00
29904 elson 1.00 9.00 28.00
29915 Gavio 14.00 4.00 29.00
29930 Dinarda 2.00 22.00 28.00
29931 Almara 5.00 7.00 19.00
29962 Tais 29.00 17.00 26.00
29971 Josselina 1.00 14.00 10.00
29972 Enes 20.00 28.00 24.00
29987 Bricia 26.00 9.00 4.00
30005 Seomara 24.00 26.00 8.00
30034 Idrisse 29.00 1.00 5.00
30091 Crestila 19.00 1.00 7.00
30096 Biana 19.00 22.00 10.00
30127 Raul 23.00 20.00 12.00
30133 Eleuterio 9.00 28.00 2.00
30145 Amelia 21.00 4.00 25.00
30160 Alvino 21.00 8.00 20.00
30214 Alpoim 12.00 12.00 9.00
30220 Hemexi 12.00 25.00 20.00
30222 Normando 2.00 28.00 14.00
30223 Eliezer 15.00 29.00 18.00
30267 Marta 3.00 22.00 19.00
30275 Abrao 7.00 22.00 21.00
30280 Vitiza 4.00 14.00 12.00
30284 Vitalio 13.00 11.00 5.00
30286 agueda 21.00 13.00 10.00
30294 Lindorfo 5.00 18.00 3.00
30296 Carlos 10.00 29.00 24.00
30298 Ruca 14.00 3.00 5.00
30338 Irmino 8.00 27.00 0.00
30343 Enide 18.00 7.00 17.00
30348 Gaia 10.00 13.00 28.00
30352 Iara 15.00 22.00 27.00
30384 Aida 3.00 5.00 23.00
30390 Ricardina 3.00 30.00 12.00
30407 Leena 14.00 25.00 4.00
30421 Vilar 1.00 12.00 26.00
30434 Priao 11.00 29.00 28.00
30440 Bibiana 27.00 8.00 8.00
30448 Circe 2.00 1.00 9.00
30449 Cosme 27.00 7.00 6.00
30453 Idalete 20.00 1.00 19.00
30458 Genciana 11.00 10.00 19.00
30464 Dinora 4.00 1.00 25.00
30471 Isalia 24.00 14.00 16.00
30484 Cloe 19.00 21.00 0.00
30505 Enoque 27.00 8.00 18.00
30528 Piedade 11.00 0.00 13.00
30540 Solôngia 18.00 14.00 12.00
30544 Violinda 21.00 2.00 8.00
30559 Dulcidia 7.00 19.00 20.00
30561 Maximiliano 26.00 17.00 27.00
30563 Feliciana 7.00 29.00 29.00
30576 Amavel 13.00 23.00 14.00
30621 Flor 14.00 23.00 2.00
30630 Gracia 5.00 6.00 22.00
30632 Zoa 20.00 2.00 30.00
30635 Josefa 30.00 14.00 22.00
30648 Lorina 19.00 22.00 16.00
30654 elton 30.00 5.00 0.00
30674 Raquel 1.00 9.00 18.00
30689 Amarilio 8.00 21.00 18.00
30691 Georgia 11.00 1.00 3.00
30692 Soledade 21.00 20.00 26.00
30700 Francisca 2.00 5.00 16.00
30757 Irais 12.00 11.00 8.00
30778 Rossana 14.00 10.00 25.00
30793 Bruno 15.00 12.00 2.00
30794 Armenia 3.00 15.00 27.00
30835 Dacia 4.00 28.00 28.00
30848 Maria 0.00 22.00 19.00
30856 Abna 4.00 8.00 3.00
30862 Blandina 2.00 8.00 1.00
30863 Delmano 24.00 11.00 26.00
30869 Taisa 18.00 27.00 14.00
30882 Lici 24.00 26.00 6.00
30894 Leonida 2.00 10.00 10.00
30896 Alcino 18.00 15.00 23.00
30905 Barbara 22.00 25.00 21.00
30921 Grimanesa 7.00 30.00 7.00
30926 Suse 10.00 1.00 2.00
30927 Gualdim 19.00 11.00 1.00
30931 Anaisa 23.00 10.00 30.00
30937 Cita 10.00 17.00 29.00
30949 Ester 10.00 22.00 3.00
30988 Ariane 18.00 14.00 13.00
30997 Joele 1.00 16.00 5.00
31002 Tirsa 6.00 23.00 22.00
31013 Jesse 5.00 27.00 7.00
31029 Isalina 14.00 24.00 10.00
31045 Terezinha 7.00 17.00 19.00
31046 Heda 1.00 9.00 21.00
31048 Darnela 3.00 17.00 1.00
31058 Heli 8.00 5.00 18.00
31073 Lucilia 8.00 1.00 9.00
31076 Sasquia 10.00 10.00 29.00
31084 adila 29.00 1.00 10.00
31091 Zaida 8.00 19.00 10.00
31095 Zulmira 22.00 9.00 7.00
31100 Lilite 28.00 12.00 27.00
31111 Baldemar 23.00 3.00 19.00
31145 Umbelino 9.00 5.00 8.00
31150 Janique 23.00 16.00 4.00
31152 Jani 11.00 11.00 30.00
31157 Eduartino 13.00 22.00 7.00
31161 Dulcina 23.00 22.00 9.00
31175 Evaldo 27.00 21.00 2.00
31191 Senio 7.00 4.00 17.00
31227 Adonis 19.00 22.00 29.00
31233 Filipa 12.00 6.00 29.00
31250 Cassia 26.00 23.00 15.00
31252 Clarisse 15.00 8.00 13.00
31261 Analdina 23.00 4.00 21.00
31263 Dario 25.00 24.00 3.00
31285 Leonicio 27.00 3.00 24.00
31307 Zilda 12.00 24.00 15.00
31317 Consolacao 5.00 23.00 14.00
31322 Graciosa 29.00 19.00 4.00
31371 Ursulino 19.00 18.00 29.00
31394 Alegria 15.00 12.00 29.00
31430 Josina 6.00 10.00 13.00
31432 Emiliana 15.00 4.00 14.00
31440 Siria 7.00 30.00 29.00
31452 Giani 30.00 9.00 5.00
31458 Hedila 13.00 2.00 23.00
31479 Breno 25.00 14.00 15.00
31491 Afra 8.00 23.00 9.00
31512 Isildo 21.00 1.00 26.00
31513 evila 6.00 3.00 17.00
31517 Aarao 1.00 23.00 13.00
31523 Valeria 21.00 9.00 6.00
31536 Vanessa 16.00 24.00 11.00
31549 Evangelino 16.00 21.00 28.00
31558 Falco 2.00 9.00 2.00
31590 Gilda 25.00 10.00 7.00
31606 Vinicia 22.00 18.00 15.00
31618 Amelina 12.00 27.00 30.00
31650 Adosinda 15.00 28.00 20.00
31664 Bartolomeu 3.00 0.00 18.00
31666 Herculana 24.00 21.00 13.00
31670 Adriana 20.00 9.00 10.00
31676 Florencia 8.00 6.00 20.00
31695 Braulio 4.00 28.00 12.00
31700 Saul 27.00 4.00 6.00
31716 Junia 19.00 17.00 24.00
31725 Renan 20.00 9.00 21.00
31732 Tiberio 0.00 7.00 13.00
31738 Mauricio 7.00 10.00 20.00
31745 Afonsino 25.00 22.00 13.00
31753 Elza 17.00 17.00 21.00
31764 Alexa 25.00 8.00 17.00
31772 Claudia 29.00 28.00 1.00
31874 Tanagra 24.00 20.00 25.00
31875 Juna 28.00 29.00 30.00
31954 Atenais 24.00 16.00 6.00
31976 Cidalio 5.00 24.00 16.00
31986 Girel 24.00 3.00 0.00
32006 Katie 17.00 14.00 16.00
32025 Dagoberto 18.00 10.00 5.00
32026 Quelia 11.00 3.00 4.00
32034 Derocila 26.00 28.00 16.00
32036 Indaleta 29.00 4.00 0.00
32073 Berardo 14.00 7.00 9.00
32083 Susano 21.00 18.00 4.00
32106 Jorio 5.00 5.00 1.00
32123 Aniria 1.00 16.00 9.00
32151 Idalio 9.00 17.00 22.00
32158 Antera 4.00 29.00 0.00
32190 Aleta 22.00 23.00 30.00
32192 Daisi 27.00 4.00 14.00
32206 Lineu 15.00 0.00 28.00
32227 Dione 9.00 24.00 15.00
32257 Laura 6.00 12.00 4.00
32308 Jovito 29.00 2.00 7.00
32315 Yara 12.00 10.00 13.00
32318 Clelio 25.00 23.00 14.00
32320 Donzelia 15.00 12.00 17.00
32322 Adeodato 12.00 14.00 28.00
32329 Lucia 4.00 6.00 24.00
32339 Viviana 19.00 21.00 6.00
32352 Emidio 0.00 1.00 29.00
32353 Gisete 2.00 9.00 24.00
32358 Ubaldino 2.00 15.00 14.00
32361 Rodolfo 15.00 4.00 26.00
32367 Crisanta 29.00 6.00 6.00
32370 Cleide 6.00 25.00 15.00
32371 Alvarina 14.00 3.00 18.00
32373 Elpidio 2.00 14.00 5.00
32375 Salvador 23.00 22.00 3.00
32380 Gileade 3.00 21.00 8.00
32407 Gina 22.00 29.00 6.00
32437 Anatilde 23.00 27.00 24.00
32440 Gaele 6.00 2.00 4.00
32459 Galileu 26.00 27.00 18.00
32468 Alfeu 23.00 22.00 18.00
32487 Bernadete 11.00 13.00 22.00
32497 Licio 19.00 29.00 15.00
32502 Trindade 4.00 15.00 4.00
32504 Tatiana 14.00 29.00 19.00
32507 Urbanila 27.00 26.00 7.00
32516 Serena 14.00 12.00 8.00
32519 Joraci 19.00 8.00 2.00
32522 Anaide 6.00 25.00 25.00
32546 Sindulfo 0.00 25.00 9.00
32548 Jabim 21.00 16.00 2.00
32550 Domingos 2.00 10.00 21.00
32559 Iberina 12.00 3.00 11.00
32572 Alex 24.00 19.00 23.00
32611 Rosa 20.00 2.00 0.00
32645 Fatima 15.00 10.00 22.00
32654 Angelina 27.00 2.00 18.00
32656 ulfilas 22.00 25.00 15.00
32658 Uriel 18.00 27.00 29.00
32690 Urraca 20.00 21.00 9.00
32691 Gregorio 24.00 20.00 19.00
32707 Jamilia 13.00 14.00 21.00
32709 Paulo 10.00 7.00 23.00
32725 Leal 11.00 3.00 22.00
32745 Adamantino 4.00 9.00 15.00
Tempo de ordanação(Milisegundos): 001.57
comparações: 22701  trocas:51270